59.850857705814  10.0004
59.838611818222  10.0078
59.826369008973  10.0152
59.814129273584  10.0226
59.80189260758  10.03
59.789659006493  10.0374
59.777428465862  10.0448
59.765200981235  10.0522
59.752976548167  10.0596
59.740755162221  10.067
59.728536818967  10.0744
59.716321513984  10.0818
59.704109242857  10.0892
59.69190000118  10.0966
59.679693784552  10.104
59.667490588583  10.1114
59.655290408888  10.1188
59.64309324109  10.1262
59.63089908082  10.1336
59.618707923716  10.141
59.606519765423  10.1484
59.594334601596  10.1558
59.582152427893  10.1632
59.569973239984  10.1706
59.557797033542  10.178
59.54562380425  10.1854
59.533453547798  10.1928
59.521286259883  10.2002
59.509121936209  10.2076
59.496960572488  10.215
59.484802164438  10.2224
59.472646707786  10.2298
59.460494198264  10.2372
59.448344631613  10.2446
59.43619800358  10.252
59.424054309921  10.2594
59.411913546395  10.2668
59.399775708773  10.2742
59.387640792831  10.2816
59.375508794351  10.289
59.363379709123  10.2964
59.351253532945  10.3038
59.339130261619  10.3112
59.327009890959  10.3186
59.314892416781  10.326
59.30277783491  10.3334
59.290666141178  10.3408
59.278557331425  10.3482
59.266451401495  10.3556
59.254348347242  10.363
59.242248164525  10.3704
59.230150849209  10.3778
59.218056397169  10.3852
59.205964804284  10.3926
59.193876066441  10.4
59.181790179534  10.4074
59.169707139461  10.4148
59.157626942132  10.4222
59.145549583459  10.4296
59.133475059363  10.437
59.12140336577  10.4444
59.109334498615  10.4518
59.097268453839  10.4592
59.085205227387  10.4666
59.073144815214  10.474
59.06108721328  10.4814
59.049032417553  10.4888
59.036980424004  10.4962
59.024931228615  10.5036
59.012884827372  10.511
59.000841216268  10.5184
58.988800391302  10.5258
58.976762348481  10.5332
58.964727083817  10.5406
58.952694593329  10.548
58.940664873043  10.5554
58.928637918989  10.5628
58.916613727207  10.5702
58.904592293741  10.5776
58.892573614641  10.585
58.880557685966  10.5924
58.868544503779  10.5998
58.856534064149  10.6072
58.844526363154  10.6146
58.832521396875  10.622
58.820519161402  10.6294
58.808519652829  10.6368
58.796522867258  10.6442
58.784528800797  10.6516
58.772537449559  10.659
58.760548809664  10.6664
58.748562877238  10.6738
58.736579648414  10.6812
58.72459911933  10.6886
58.712621286131  10.696
58.700646144967  10.7034
58.688673691995  10.7108
58.676703923378  10.7182
58.664736835285  10.7256
58.652772423891  10.733
58.640810685377  10.7404
58.62885161593  10.7478
58.616895211744  10.7552
58.604941469016  10.7626
58.592990383953  10.77
58.581041952765  10.7774
58.569096171669  10.7848
58.557153036888  10.7922
58.545212544651  10.7996
58.533274691192  10.807
58.521339472753  10.8144
58.50940688558  10.8218
58.497476925924  10.8292
58.485549590045  10.8366
58.473624874206  10.844
58.461702774677  10.8514
58.449783287734  10.8588
58.437866409658  10.8662
58.425952136736  10.8736
58.414040465261  10.881
58.402131391532  10.8884
58.390224911854  10.8958
58.378321022536  10.9032
58.366419719894  10.9106
58.35452100025  10.918
58.342624859931  10.9254
58.33073129527  10.9328
58.318840302605  10.9402
58.306951878281  10.9476
58.295066018647  10.955
58.283182720059  10.9624
58.271301978877  10.9698
58.259423791468  10.9772
58.247548154204  10.9846
58.235675063462  10.992
58.223804515627  10.9994
58.211936507086  11.0068
58.200071034234  11.0142
58.18820809347  11.0216
58.176347681199  11.029
58.164489793833  11.0364
58.152634427787  11.0438
58.140781579483  11.0512
58.128931245347  11.0586
58.117083421812  11.066
58.105238105316  11.0734
58.093395292301  11.0808
58.081554979217  11.0882
58.069717162517  11.0956
58.057881838661  11.103
58.046049004112  11.1104
58.034218655341  11.1178
58.022390788823  11.1252
58.010565401039  11.1326
57.998742488473  11.14
57.986922047618  11.1474
57.975104074968  11.1548
57.963288567027  11.1622
57.951475520301  11.1696
57.939664931301  11.177
57.927856796544  11.1844
57.916051112554  11.1918
57.904247875857  11.1992
57.892447082986  11.2066
57.88064873048  11.214
57.86885281488  11.2214
57.857059332736  11.2288
57.8452682806  11.2362
57.833479655031  11.2436
57.821693452591  11.251
57.809909669851  11.2584
57.798128303382  11.2658
57.786349349764  11.2732
57.774572805581  11.2806
57.762798667421  11.288
57.751026931877  11.2954
57.739257595549  11.3028
57.727490655041  11.3102
57.71572610696  11.3176
57.70396394792  11.325
57.692204174541  11.3324
57.680446783445  11.3398
57.668691771262  11.3472
57.656939134624  11.3546
57.64518887017  11.362
57.633440974543  11.3694
57.621695444392  11.3768
57.609952276368  11.3842
57.59821146713  11.3916
57.586473013341  11.399
57.574736911669  11.4064
57.563003158784  11.4138
57.551271751366  11.4212
57.539542686095  11.4286
57.527815959658  11.436
57.516091568747  11.4434
57.504369510059  11.4508
57.492649780293  11.4582
57.480932376157  11.4656
57.469217294361  11.473
57.457504531619  11.4804
57.445794084653  11.4878
57.434085950185  11.4952
57.422380124947  11.5026
57.410676605672  11.51
57.398975389099  11.5174
57.38727647197  11.5248
57.375579851035  11.5322
57.363885523045  11.5396
57.352193484759  11.547
57.340503732937  11.5544
57.328816264347  11.5618
57.317131075759  11.5692
57.305448163949  11.5766
57.293767525698  11.584
57.28208915779  11.5914
57.270413057014  11.5988
57.258739220165  11.6062
57.24706764404  11.6136
57.235398325443  11.621
57.223731261181  11.6284
57.212066448066  11.6358
57.200403882915  11.6432
57.188743562547  11.6506
57.177085483789  11.658
57.16542964347  11.6654
57.153776038425  11.6728
57.142124665491  11.6802
57.130475521513  11.6876
57.118828603338  11.695
57.107183907817  11.7024
57.095541431806  11.7098
57.083901172167  11.7172
57.072263125765  11.7246
57.060627289467  11.732
57.04899366015  11.7394
57.037362234689  11.7468
57.025733009969  11.7542
57.014105982875  11.7616
57.002481150298  11.769
56.990858509134  11.7764
56.979238056282  11.7838
56.967619788646  11.7912
56.956003703135  11.7986
56.944389796659  11.806
56.932778066137  11.8134
56.921168508489  11.8208
56.90956112064  11.8282
56.897955899519  11.8356
56.88635284206  11.843
56.874751945201  11.8504
56.863153205882  11.8578
56.851556621051  11.8652
56.839962187658  11.8726
56.828369902656  11.88
56.816779763005  11.8874
56.805191765667  11.8948
56.793605907608  11.9022
56.7820221858  11.9096
56.770440597218  11.917
56.758861138841  11.9244
56.747283807652  11.9318
56.735708600638  11.9392
56.72413551479  11.9466
56.712564547105  11.954
56.700995694581  11.9614
56.689428954221  11.9688
56.677864323034  11.9762
56.666301798031  11.9836
56.654741376228  11.991
56.643183054644  11.9984
56.631626830302  12.0058
56.62007270023  12.0132
56.60852066146  12.0206
56.596970711027  12.028
56.585422845971  12.0354
56.573877063335  12.0428
56.562333360165  12.0502
56.550791733515  12.0576
56.539252180438  12.065
56.527714697994  12.0724
56.516179283246  12.0798
56.504645933261  12.0872
56.493114645109  12.0946
56.481585415865  12.102
56.470058242607  12.1094
56.458533122419  12.1168
56.447010052386  12.1242
56.435489029598  12.1316
56.42397005115  12.139
56.412453114138  12.1464
56.400938215665  12.1538
56.389425352835  12.1612
56.377914522759  12.1686
56.366405722548  12.176
56.35489894932  12.1834
56.343394200195  12.1908
56.331891472297  12.1982
56.320390762754  12.2056
56.308892068698  12.213
56.297395387264  12.2204
56.285900715592  12.2278
56.274408050825  12.2352
56.262917390109  12.2426
56.251428730594  12.25
56.239942069434  12.2574
56.228457403788  12.2648
56.216974730816  12.2722
56.205494047683  12.2796
56.194015351559  12.287
56.182538639615  12.2944
56.171063909028  12.3018
56.159591156977  12.3092
56.148120380646  12.3166
56.136651577221  12.324
56.125184743893  12.3314
56.113719877855  12.3388
56.102256976306  12.3462
56.090796036447  12.3536
56.079337055482  12.361
56.067880030621  12.3684
56.056424959074  12.3758
56.044971838058  12.3832
56.033520664791  12.3906
56.022071436497  12.398
56.010624150401  12.4054
55.999178803732  12.4128
55.987735393725  12.4202
55.976293917615  12.4276
55.964854372643  12.435
55.953416756053  12.4424
55.941981065091  12.4498
55.930547297008  12.4572
55.919115449058  12.4646
55.907685518499  12.472
55.896257502592  12.4794
55.8848313986  12.4868
55.873407203793  12.4942
55.861984915441  12.5016
55.850564530818  12.509
55.839146047203  12.5164
55.827729461878  12.5238
55.816314772126  12.5312
55.804901975237  12.5386
55.793491068503  12.546
55.782082049217  12.5534
55.770674914678  12.5608
55.759269662189  12.5682
55.747866289054  12.5756
55.736464792582  12.583
55.725065170084  12.5904
55.713667418875  12.5978
55.702271536274  12.6052
55.690877519603  12.6126
55.679485366186  12.62
55.668095073352  12.6274
55.656706638433  12.6348
55.645320058762  12.6422
55.633935331679  12.6496
55.622552454525  12.657
55.611171424644  12.6644
55.599792239385  12.6718
55.588414896098  12.6792
55.577039392137  12.6866
55.565665724862  12.694
55.554293891631  12.7014
55.54292388981  12.7088
55.531555716766  12.7162
55.520189369868  12.7236
55.508824846491  12.731
55.497462144012  12.7384
55.486101259811  12.7458
55.47474219127  12.7532
55.463384935776  12.7606
55.452029490718  12.768
55.44067585349  12.7754
55.429324021487  12.7828
55.417973992108  12.7902
55.406625762755  12.7976
55.395279330833  12.805
55.383934693751  12.8124
55.372591848919  12.8198
55.361250793753  12.8272
55.34991152567  12.8346
55.338574042091  12.842
55.327238340439  12.8494
55.315904418141  12.8568
55.304572272627  12.8642
55.293241901331  12.8716
55.281913301688  12.879
55.270586471136  12.8864
55.25926140712  12.8938
55.247938107082  12.9012
55.236616568472  12.9086
55.225296788741  12.916
55.213978765343  12.9234
55.202662495735  12.9308
55.191347977377  12.9382
55.180035207733  12.9456
55.168724184269  12.953
55.157414904453  12.9604
55.146107365758  12.9678
55.134801565659  12.9752
55.123497501634  12.9826
55.112195171164  12.99
55.100894571733  12.9974
55.089595700827  13.0048
55.078298555937  13.0122
55.067003134556  13.0196
55.055709434178  13.027
55.044417452303  13.0344
55.033127186432  13.0418
55.021838634069  13.0492
55.010551792722  13.0566
54.9992666599  13.064
54.987983233117  13.0714
54.976701509889  13.0788
54.965421487734  13.0862
54.954143164174  13.0936
54.942866536734  13.101
54.93159160294  13.1084
54.920318360324  13.1158
54.909046806417  13.1232
54.897776938756  13.1306
54.886508754879  13.138
54.875242252328  13.1454
54.863977428648  13.1528
54.852714281384  13.1602
54.841452808088  13.1676
54.830193006312  13.175
54.818934873611  13.1824
54.807678407543  13.1898
54.79642360567  13.1972
54.785170465555  13.2046
54.773918984764  13.212
54.762669160868  13.2194
54.751420991438  13.2268
54.740174474049  13.2342
54.728929606278  13.2416
54.717686385706  13.249
54.706444809916  13.2564
54.695204876492  13.2638
54.683966583025  13.2712
54.672729927104  13.2786
54.661494906324  13.286
54.650261518281  13.2934
54.639029760575  13.3008
54.627799630806  13.3082
54.61657112658  13.3156
54.605344245504  13.323
54.594118985188  13.3304
54.582895343245  13.3378
54.571673317289  13.3452
54.560452904938  13.3526
54.549234103813  13.36
54.538016911537  13.3674
54.526801325736  13.3748
54.515587344038  13.3822
54.504374964074  13.3896
54.493164183478  13.397
54.481954999885  13.4044
54.470747410935  13.4118
54.459541414269  13.4192
54.448337007532  13.4266
54.437134188369  13.434
54.425932954429  13.4414
54.414733303366  13.4488
54.403535232832  13.4562
54.392338740484  13.4636
54.381143823983  13.471
54.369950480989  13.4784
54.358758709168  13.4858
54.347568506187  13.4932
54.336379869714  13.5006
54.325192797423  13.508
54.314007286987  13.5154
54.302823336084  13.5228
54.291640942394  13.5302
54.280460103598  13.5376
54.269280817382  13.545
54.258103081432  13.5524
54.246926893438  13.5598
54.235752251092  13.5672
54.224579152089  13.5746
54.213407594126  13.582
54.202237574902  13.5894
54.191069092119  13.5968
54.179902143482  13.6042
54.168736726697  13.6116
54.157572839474  13.619
54.146410479525  13.6264
54.135249644564  13.6338
54.124090332307  13.6412
54.112932540474  13.6486
54.101776266786  13.656
54.090621508966  13.6634
54.079468264742  13.6708
54.068316531842  13.6782
54.057166307996  13.6856
54.046017590939  13.693
54.034870378406  13.7004
54.023724668136  13.7078
54.012580457869  13.7152
54.001437745348  13.7226
53.990296528318  13.73
53.979156804528  13.7374
53.968018571726  13.7448
53.956881827667  13.7522
53.945746570104  13.7596
53.934612796794  13.767
53.923480505497  13.7744
53.912349693975  13.7818
53.901220359992  13.7892
53.890092501314  13.7966
53.87896611571  13.804
53.86784120095  13.8114
53.856717754809  13.8188
53.845595775062  13.8262
53.834475259487  13.8336
53.823356205864  13.841
53.812238611975  13.8484
53.801122475605  13.8558
53.790007794542  13.8632
53.778894566575  13.8706
53.767782789494  13.878
53.756672461095  13.8854
53.745563579173  13.8928
53.734456141526  13.9002
53.723350145955  13.9076
53.712245590263  13.915
53.701142472255  13.9224
53.690040789738  13.9298
53.678940540521  13.9372
53.667841722417  13.9446
53.65674433324  13.952
53.645648370804  13.9594
53.63455383293  13.9668
53.623460717437  13.9742
53.612369022148  13.9816
53.601278744888  13.989
53.590189883483  13.9964
53.579102435765  14.0038
53.568016399563  14.0112
53.556931772712  14.0186
53.545848553047  14.026
53.534766738406  14.0334
53.52368632663  14.0408
53.51260731556  14.0482
53.501529703041  14.0556
53.49045348692  14.063
53.479378665045  14.0704
53.468305235268  14.0778
53.45723319544  14.0852
53.446162543418  14.0926
53.435093277058  14.1
53.42402539422  14.1074
53.412958892765  14.1148
53.401893770556  14.1222
53.39083002546  14.1296
53.379767655344  14.137
53.368706658077  14.1444
53.357647031533  14.1518
53.346588773584  14.1592
53.335531882107  14.1666
53.324476354979  14.174
53.313422190082  14.1814
53.302369385297  14.1888
53.291317938509  14.1962
53.280267847603  14.2036
53.269219110469  14.211
53.258171724997  14.2184
53.24712568908  14.2258
53.236081000611  14.2332
53.225037657488  14.2406
53.213995657609  14.248
53.202954998875  14.2554
53.191915679188  14.2628
53.180877696454  14.2702
53.169841048578  14.2776
53.158805733469  14.285
53.147771749039  14.2924
53.136739093199  14.2998
53.125707763865  14.3072
53.114677758953  14.3146
53.103649076381  14.322
53.092621714071  14.3294
53.081595669944  14.3368
53.070570941927  14.3442
53.059547527944  14.3516
53.048525425924  14.359
53.037504633799  14.3664
53.026485149499  14.3738
53.015466970961  14.3812
53.004450096119  14.3886
52.993434522912  14.396
52.982420249281  14.4034
52.971407273167  14.4108
52.960395592515  14.4182
52.949385205269  14.4256
52.938376109379  14.433
52.927368302794  14.4404
52.916361783466  14.4478
52.905356549348  14.4552
52.894352598395  14.4626
52.883349928566  14.47
52.872348537819  14.4774
52.861348424116  14.4848
52.850349585419  14.4922
52.839352019694  14.4996
52.828355724907  14.507
52.817360699027  14.5144
52.806366940025  14.5218
52.795374445873  14.5292
52.784383214545  14.5366
52.773393244018  14.544
52.762404532269  14.5514
52.751417077278  14.5588
52.740430877027  14.5662
52.7294459295  14.5736
52.718462232681  14.581
52.707479784559  14.5884
52.696498583121  14.5958
52.685518626359  14.6032
52.674539912266  14.6106
52.663562438836  14.618
52.652586204065  14.6254
52.641611205951  14.6328
52.630637442494  14.6402
52.619664911697  14.6476
52.608693611561  14.655
52.597723540094  14.6624
52.586754695301  14.6698
52.575787075191  14.6772
52.564820677776  14.6846
52.553855501067  14.692
52.542891543079  14.6994
52.531928801828  14.7068
52.520967275332  14.7142
52.510006961609  14.7216
52.499047858681  14.729
52.488089964571  14.7364
52.477133277304  14.7438
52.466177794906  14.7512
52.455223515406  14.7586
52.444270436833  14.766
52.433318557219  14.7734
52.422367874598  14.7808
52.411418387004  14.7882
52.400470092475  14.7956
52.389522989048  14.803
52.378577074765  14.8104
52.367632347668  14.8178
52.356688805799  14.8252
52.345746447204  14.8326
52.334805269931  14.84
52.323865272028  14.8474
52.312926451546  14.8548
52.301988806537  14.8622
52.291052335055  14.8696
52.280117035154  14.877
52.269182904894  14.8844
52.258249942331  14.8918
52.247318145528  14.8992
52.236387512545  14.9066
52.225458041448  14.914
52.214529730301  14.9214
52.203602577171  14.9288
52.192676580129  14.9362
52.181751737243  14.9436
52.170828046586  14.951
52.159905506232  14.9584
52.148984114256  14.9658
52.138063868736  14.9732
52.127144767749  14.9806
52.116226809377  14.988
52.1053099917  14.9954
52.094394312803  15.0028