84.214431459051  0.4008
84.201412819682  0.40260000000001
84.188422969989  0.40440000000001
84.175461717325  0.40620000000001
84.162528871175  0.40800000000002
84.149624243128  0.4097999999999
84.136747646837  0.41159999999991
84.123898897993  0.41339999999991
84.111077814293  0.41519999999991
84.098284215407  0.41699999999992
84.085517922953  0.41879999999992
84.072778760462  0.42059999999992
84.060066553353  0.42239999999993
84.047381128906  0.42419999999993
84.03472231623  0.42599999999993
84.02208994624  0.42779999999993
84.009483851627  0.42959999999994
83.996903866837  0.43139999999994
83.984349828039  0.43319999999994
83.971821573105  0.43499999999995
83.959318941583  0.43679999999995
83.946841774673  0.43859999999995
83.934389915206  0.44039999999995
83.921963207615  0.44219999999996
83.909561497917  0.44399999999996
83.89718463369  0.44579999999996
83.884832464049  0.44759999999997
83.872504839626  0.44939999999997
83.860201612547  0.45119999999997
83.847922636415  0.45299999999997
83.835667766283  0.45479999999998
83.823436858641  0.45659999999998
83.811229771391  0.45839999999998
83.799046363831  0.46019999999999
83.786886496633  0.46199999999999
83.774750031827  0.46379999999999
83.762636832781  0.46559999999999
83.750546764181  0.4674
83.73847969202  0.4692
83.726435483571  0.471
83.714414007378  0.47280000000001
83.702415133234  0.47460000000001
83.690438732168  0.47640000000001
83.678484676426  0.4781999999999
83.666552839456  0.4799999999999
83.654643095892  0.48179999999991
83.642755321539  0.48359999999991
83.630889393356  0.48539999999991
83.619045189446  0.48719999999992
83.607222589033  0.48899999999992
83.595421472456  0.49079999999992
83.58364172115  0.49259999999992
83.571883217631  0.49439999999993
83.560145845487  0.49619999999993
83.548429489359  0.49799999999993
83.536734034932  0.49979999999994
83.525059368919  0.50159999999994
83.51340537905  0.50339999999994
83.501771954059  0.50519999999995
83.490158983668  0.50699999999995
83.478566358582  0.50879999999995
83.466993970469  0.51059999999995
83.455441711952  0.51239999999996
83.4439094766  0.51419999999996
83.432397158909  0.51599999999996
83.420904654299  0.51779999999997
83.409431859095  0.51959999999997
83.397978670523  0.52139999999997
83.386544986695  0.52319999999997
83.375130706597  0.52499999999998
83.363735730084  0.52679999999998
83.352359957864  0.52859999999998
83.341003291492  0.53039999999999
83.329665633358  0.53219999999999
83.318346886675  0.53399999999999
83.307046955475  0.53579999999999
83.295765744593  0.5376
83.284503159662  0.5394
83.273259107103  0.5412
83.262033494112  0.54300000000001
83.250826228659  0.54480000000001
83.239637219469  0.54660000000001
83.228466376021  0.54840000000002
83.217313608538  0.5501999999999
83.206178827974  0.55199999999991
83.195061946012  0.55379999999991
83.18396287505  0.55559999999991
83.172881528199  0.55739999999992
83.161817819267  0.55919999999992
83.15077166276  0.56099999999992
83.139742973866  0.56279999999992
83.128731668454  0.56459999999993
83.117737663062  0.56639999999993
83.106760874892  0.56819999999993
83.095801221802  0.56999999999994
83.084858622296  0.57179999999994
83.073932995523  0.57359999999994
83.063024261264  0.57539999999995
83.052132339928  0.57719999999995
83.041257152545  0.57899999999995
83.030398620758  0.58079999999995
83.019556666818  0.58259999999996
83.008731213575  0.58439999999996
82.997922184475  0.58619999999996
82.987129503552  0.58799999999997
82.976353095419  0.58979999999997
82.965592885266  0.59159999999997
82.954848798852  0.59339999999997
82.944120762499  0.59519999999998
82.933408703085  0.59699999999998
82.922712548041  0.59879999999998
82.912032225342  0.60059999999999
82.901367663504  0.60239999999999
82.890718791577  0.60419999999999
82.880085539137  0.60599999999999
82.869467836286  0.6078
82.858865613642  0.6096
82.848278802336  0.6114
82.837707334006  0.61320000000001
82.827151140792  0.61500000000001
82.816610155328  0.61680000000001
82.806084310744  0.61860000000001
82.795573540653  0.6203999999999
82.785077779151  0.62219999999991
82.77459696081  0.62399999999991
82.764131020675  0.62579999999991
82.753679894258  0.62759999999992
82.743243517533  0.62939999999992
82.732821826931  0.63119999999992
82.722414759338  0.63299999999992
82.712022252088  0.63479999999993
82.701644242959  0.63659999999993
82.69128067017  0.63839999999993
82.680931472375  0.64019999999994
82.670596588658  0.64199999999994
82.660275958533  0.64379999999994
82.649969521933  0.64559999999994
82.639677219213  0.64739999999995
82.629398991142  0.64919999999995
82.619134778899  0.65099999999995
82.60888452407  0.65279999999996
82.598648168644  0.65459999999996
82.588425655008  0.65639999999996
82.578216925945  0.65819999999997
82.568021924629  0.65999999999997
82.557840594622  0.66179999999997
82.547672879869  0.66359999999997
82.537518724696  0.66539999999998
82.527378073805  0.66719999999998
82.517250872272  0.66899999999998
82.507137065541  0.67079999999999
82.497036599423  0.67259999999999
82.486949420093  0.67439999999999
82.476875474083  0.67619999999999
82.466814708282  0.678
82.456767069931  0.6798
82.446732506622  0.6816
82.436710966291  0.68340000000001
82.426702397218  0.68520000000001
82.416706748023  0.68700000000001
82.406723967662  0.68880000000001
82.396754005426  0.69060000000002
82.386796810934  0.69239999999991
82.376852334135  0.69419999999991
82.366920525301  0.69599999999991
82.357001335027  0.69779999999992
82.347094714225  0.69959999999992
82.337200614125  0.70139999999992
82.327318986268  0.70319999999992
82.317449782506  0.70499999999993
82.307592954998  0.70679999999993
82.297748456209  0.70859999999993
82.287916238906  0.71039999999994
82.278096256153  0.71219999999994
82.268288461312  0.71399999999994
82.25849280804  0.71579999999994
82.248709250286  0.71759999999995
82.238937742284  0.71939999999995
82.229178238558  0.72119999999995
82.219430693915  0.72299999999996
82.209695063444  0.72479999999996
82.199971302511  0.72659999999996
82.19025936676  0.72839999999997
82.180559212109  0.73019999999997
82.170870794748  0.73199999999997
82.161194071136  0.73379999999997
82.151528997999  0.73559999999998
82.141875532328  0.73739999999998
82.132233631377  0.73919999999998
82.12260325266  0.74099999999999
82.11298435395  0.74279999999999
82.103376893273  0.74459999999999
82.093780828912  0.74639999999999
82.084196119401  0.7482
82.074622723522  0.75
82.065060600306  0.7518
82.055509709028  0.75360000000001
82.045970009209  0.75540000000001
82.036441460607  0.75720000000001
82.026924023224  0.75900000000001
82.017417657295  0.76080000000002
82.007922323292  0.76259999999991
81.998437981922  0.76439999999991
81.988964594121  0.76619999999991
81.979502121056  0.76799999999992
81.97005052412  0.76979999999992
81.960609764935  0.77159999999992
81.951179805344  0.77339999999992
81.941760607412  0.77519999999993
81.932352133427  0.77699999999993
81.922954345893  0.77879999999993
81.913567207531  0.78059999999994
81.904190681279  0.78239999999994
81.894824730287  0.78419999999994
81.885469317916  0.78599999999994
81.876124407737  0.78779999999995
81.86678996353  0.78959999999995
81.857465949281  0.79139999999995
81.848152329182  0.79319999999996
81.838849067626  0.79499999999996
81.82955612921  0.79679999999996
81.82027347873  0.79859999999996
81.811001081179  0.80039999999997
81.80173890175  0.80219999999997
81.79248690583  0.80399999999997
81.783245058998  0.80579999999998
81.774013327029  0.80759999999998
81.764791675885  0.80939999999998
81.75558007172  0.81119999999999
81.746378480875  0.81299999999999
81.737186869878  0.81479999999999
81.72800520544  0.81659999999999
81.718833454458  0.8184
81.709671584011  0.8202
81.700519561355  0.822
81.691377353931  0.82380000000001
81.682244929354  0.82560000000001
81.673122255416  0.82740000000001
81.664009300087  0.82920000000001
81.654906031507  0.83100000000002
81.645812417992  0.83280000000002
81.636728428028  0.83459999999991
81.62765403027  0.83639999999991
81.618589193543  0.83819999999992
81.609533886839  0.83999999999992
81.600488079317  0.84179999999992
81.591451740301  0.84359999999992
81.582424839276  0.84539999999993
81.573407345894  0.84719999999993
81.564399229965  0.84899999999993
81.555400461459  0.85079999999994
81.546411010508  0.85259999999994
81.537430847399  0.85439999999994
81.528459942576  0.85619999999994
81.519498266639  0.85799999999995
81.510545790342  0.85979999999995
81.501602484593  0.86159999999995
81.492668320451  0.86339999999996
81.483743269126  0.86519999999996
81.474827301979  0.86699999999996
81.465920390518  0.86879999999996
81.457022506399  0.87059999999997
81.448133621427  0.87239999999997
81.439253707549  0.87419999999997
81.430382736859  0.87599999999998
81.421520681594  0.87779999999998
81.412667514133  0.87959999999998
81.403823206996  0.88139999999999
81.394987732844  0.88319999999999
81.386161064478  0.88499999999999
81.377343174835  0.88679999999999
81.368534036994  0.8886
81.359733624165  0.8904
81.350941909697  0.8922
81.342158867073  0.89400000000001
81.333384469909  0.89580000000001
81.324618691953  0.89760000000001
81.315861507087  0.89940000000001
81.307112889321  0.90120000000002
81.298372812796  0.90299999999991
81.289641251784  0.90479999999991
81.280918180681  0.90659999999991
81.272203574014  0.90839999999992
81.263497406433  0.91019999999992
81.254799652717  0.91199999999992
81.246110287767  0.91379999999992
81.237429286607  0.91559999999993
81.228756624387  0.91739999999993
81.220092276376  0.91919999999993
81.211436217966  0.92099999999994
81.202788424668  0.92279999999994
81.194148872114  0.92459999999994
81.185517536053  0.92639999999994
81.176894392353  0.92819999999995
81.168279417  0.92999999999995
81.159672586094  0.93179999999995
81.151073875851  0.93359999999996
81.142483262604  0.93539999999996
81.133900722798  0.93719999999996
81.12532623299  0.93899999999996
81.116759769853  0.94079999999997
81.108201310169  0.94259999999997
81.099650830831  0.94439999999997
81.091108308843  0.94619999999998
81.082573721319  0.94799999999998
81.07404704548  0.94979999999998
81.065528258656  0.95159999999998
81.057017338285  0.95339999999999
81.04851426191  0.95519999999999
81.040019007182  0.95699999999999
81.031531551855  0.9588
81.023051873788  0.9606
81.014579950945  0.9624
81.006115761392  0.96420000000001
80.997659283298  0.96600000000001
80.989210494934  0.96780000000001
80.980769374671  0.96960000000001
80.972335900981  0.97140000000002
80.963910052437  0.97320000000002
80.955491807709  0.97500000000002
80.947081145568  0.97680000000003
80.938678044881  0.97859999999991
80.930282484612  0.98039999999992
80.921894443824  0.98219999999992
80.913513901674  0.98399999999992
80.905140837414  0.98579999999993
80.896775230392  0.98759999999993
80.888417060051  0.98939999999993
80.880066305926  0.99119999999994
80.871722947645  0.99299999999994
80.863386964929  0.99479999999994
80.85505833759  0.99659999999994
80.846737045534  0.99839999999995
80.838423068753  1.0001999999999