80.806670092234  1.0114935115623
80.623081555996  1.0519532520249
80.442902310205  1.0924129924873
80.26594284344  1.1328727329499
80.092030448485  1.1733324734123
79.921007208782  1.2137922138749
79.752728284785  1.2542519543373
79.587060447359  1.2947116947998
79.423880816054  1.3351714352624
79.263075768324  1.3756311757248
79.10453999222  1.4160909161874
78.948175660131  1.4565506566498
78.793891705216  1.4970103971124
78.641603185319  1.5374701375748
78.491230721803  1.5779298780374
78.342700002784  1.6183896184998
78.195941341955  1.6588493589624
78.050889285587  1.6993090994248
77.907482261426  1.7397688398873
77.765662264158  1.7802285803498
77.625374572894  1.8206883208123
77.486567496771  1.8611480612748
77.349192145329  1.9016078017373
77.213202220789  1.9420675421999
77.078553829703  1.9825272826623
76.94520531185  2.0229870231249
76.813117084455  2.0634467635873
76.682251500107  2.1039065040499
76.552572716921  2.1443662445123
76.424046579687  2.1848259849749
76.296640510883  2.2252857254373
76.17032341058  2.2657454658998
76.04506556435  2.3062052063623
75.920838558435  2.3466649468248
75.797615201465  2.3871246872873
75.675369452132  2.4275844277498
75.554076352271  2.4680441682124
75.433711964859  2.5085039086748
75.314253316507  2.5489636491374
75.195678344042  2.5894233895998
75.077965844838  2.6298831300624
74.961095430572  2.6703428705248
74.845047484127  2.7108026109873
74.729803119385  2.7512623514498
74.615344143666  2.7917220919123
74.501653022617  2.8321818323748
74.388712847349  2.8726415728373
74.276507303657  2.9131013132998
74.165020643149  2.9535610537623
74.054237656164  2.9940207942249
73.94414364632  3.0344805346873
73.834724406597  3.0749402751499
73.725966196824  3.1154000156123
73.617855722487  3.1558597560748
73.510380114748  3.1963194965373
73.40352691161  3.2367792369998
73.297284040132  3.2772389774623
73.191639799633  3.3176987179248
73.086582845817  3.3581584583873
72.982102175752  3.3986181988498
72.87818711366  3.4390779393123
72.774827297452  3.4795376797748
72.672012665972  3.5199974202372
72.569733446889  3.5604571606998
72.467980145222  3.6009169011623
72.366743532432  3.6413766416248
72.266014636066  3.6818363820873
72.165784729907  3.7222961225498
72.066045324611  3.7627558630123
71.96678815879  3.8032156034748
71.868005190526  3.8436753439373
71.769688589286  3.8841350843998
71.671830728213  3.9245948248623
71.574424176774  3.9650545653247
71.477461693752  4.0055143057873
71.380936220545  4.0459740462497
71.284840874776  4.0864337867123
71.189168944183  4.1268935271747
71.09391388078  4.1673532676373
70.999069295266  4.2078130080998
70.90462895169  4.2482727485623
70.810586762329  4.2887324890248
70.716936782793  4.3291922294873
70.623673207332  4.3696519699498
70.530790364342  4.4101117104123
70.438282712047  4.4505714508748
70.346144834371  4.4910311913372
70.254371436965  4.5314909317998
70.162957343402  4.5719506722622
70.071897491519  4.6124104127248
69.981186929905  4.6528701531872
69.890820814523  4.6933298936498
69.800794405471  4.7337896341123
69.711103063858  4.7742493745748
69.621742248804  4.8147091150373
69.532707514553  4.8551688554998
69.443994507695  4.8956285959623
69.35559896449  4.9360883364247
69.267516708288  4.9765480768873
69.179743647049  5.0170078173497
69.092275770951  5.0574675578123
69.005109150079  5.0979272982747
68.918239932205  5.1383870387373
68.831664340639  5.1788467791997
68.745378672161  5.2193065196623
68.659379295024  5.2597662601248
68.573662647021  5.3002260005873
68.488225233625  5.3406857410498
68.403063626191  5.3811454815122
68.318174460216  5.4216052219748
68.233554433658  5.4620649624372
68.149200305315  5.5025247028998
68.065108893252  5.5429844433622
67.981277073284  5.5834441838248
67.897701777507  5.6239039242872
67.814379992875  5.6643636647498
67.731308759824  5.7048234052122
67.648485170942  5.7452831456748
67.565906369678  5.7857428861372
67.483569549092  5.8262026265998
67.401471950646  5.8666623670623
67.319610863031  5.9071221075247
67.237983621031  5.9475818479873
67.156587604419  5.9880415884497
67.075420236892  6.0285013289123
66.994478985033  6.0689610693747
66.913761357308  6.1094208098373
66.833264903087  6.1498805502997
66.752987211704  6.1903402907623
66.672925911532  6.2308000312247
66.593078669097  6.2712597716873
66.513443188212  6.3117195121497
66.434017209131  6.3521792526122
66.35479850774  6.3926389930748
66.275784894758  6.4330987335372
66.19697421497  6.4735584739998
66.118364346476  6.5140182144622
66.039953199961  6.5544779549248
65.961738717993  6.5949376953872
65.883718874328  6.6353974358498
65.805891673244  6.6758571763122
65.728255148891  6.7163169167748
65.650807364652  6.7567766572372
65.573546412534  6.7972363976997
65.496470412561  6.8376961381622
65.419577512194  6.8781558786247
65.342865885763  6.9186156190873
65.266333733908  6.9590753595497
65.189979283048  6.9995351000123
65.113800784849  7.0399948404747
65.037796515715  7.0804545809373
64.961964776292  7.1209143213997
64.886303890978  7.1613740618623
64.810812207452  7.2018338023247
64.735488096213  7.2422935427873
64.66032995013  7.2827532832497
64.585336184003  7.3232130237122
64.510505234135  7.3636727641747
64.435835557917  7.4041325046372
64.361325633419  7.4445922450997
64.286973958994  7.4850519855622
64.212779052892  7.5255117260248
64.13873945288  7.5659714664872
64.064853715875  7.6064312069498
63.991120417583  7.6468909474122
63.917538152149  7.6873506878748
63.844105531814  7.7278104283372
63.770821186576  7.7682701687997
63.697683763869  7.8087299092622
63.624691928241  7.8491896497247
63.55184436104  7.8896493901872
63.479139760111  7.9301091306497
63.406576839499  7.9705688711122
63.334154329156  8.0110286115747
63.261870974658  8.0514883520373
63.189725536927  8.0919480924997
63.117716791956  8.1324078329623
63.04584353055  8.1728675734247
62.974104558058  8.2133273138872
62.902498694126  8.2537870543497
62.831024772444  8.2942467948122
62.759681640507  8.3347065352747
62.688468159372  8.3751662757372
62.61738320343  8.4156260161997
62.546425660178  8.4560857566622
62.475594429994  8.4965454971247
62.404888425921  8.5370052375872
62.334306573454  8.5774649780498
62.263847810329  8.6179247185122
62.193511086322  8.6583844589748
62.123295363046  8.6988441994372
62.053199613759  8.7393039398997
61.983222823168  8.7797636803622
61.913363987244  8.8202234208247
61.843622113035  8.8606831612872
61.773996218491  8.9011429017497
61.704485332283  8.9416026422122
61.635088493633  8.9820623826747
61.565804752141  9.0225221231372
61.496633167623  9.0629818635997
61.427572809948  9.1034416040621
61.358622758875  9.1439013445247
61.289782103901  9.1843610849872
61.221049944104  9.2248208254497
61.152425387996  9.2652805659122
61.083907553376  9.3057403063747
61.015495567181  9.3462000468372
60.947188565352  9.3866597872997
60.878985692688  9.4271195277622
60.810886102714  9.4675792682247
60.742888957547  9.5080390086872
60.674993427763  9.5484987491496
60.607198692272  9.5889584896122
60.539503938188  9.6294182300746
60.471908360709  9.6698779705372
60.404411162994  9.7103377109997
60.337011556042  9.7507974514622
60.26970875858  9.7912571919247
60.202501996943  9.8317169323872
60.135390504964  9.8721766728497
60.068373523864  9.9126364133122
60.001450302143  9.9530961537747
59.934620095473  9.9935558942371
59.867882166593  10.0340156347
59.801235785207  10.074475375162
59.734680227883  10.114935115625
59.668214777956  10.155394856087
59.601838725425  10.19585459655
59.535551366863  10.236314337012
59.469352005323  10.276774077475
59.403239950241  10.317233817937
59.337214517348  10.3576935584
59.271275028586  10.398153298862
59.20542081201  10.438613039325
59.139651201711  10.479072779787
59.073965537728  10.51953252025
59.008363165965  10.559992260712
58.94284343811  10.600452001175
58.877405711554  10.640911741637
58.812049349312  10.6813714821
58.746773719947  10.721831222562
58.681578197492  10.762290963025
58.616462161377  10.802750703487
58.551424996352  10.84321044395
58.486466092419  10.883670184412
58.421584844757  10.924129924875
58.356780653652  10.964589665337
58.292052924431  11.0050494058
58.227401067393  11.045509146262
58.162824497738  11.085968886725
58.098322635509  11.126428627187
58.033894905522  11.16688836765
57.969540737302  11.207348108112
57.905259565024  11.247807848575
57.841050827451  11.288267589037
57.77691396787  11.3287273295
57.712848434034  11.369187069962
57.648853678106  11.409646810425
57.584929156599  11.450106550887
57.521074330318  11.49056629135
57.457288664306  11.531026031812
57.393571627788  11.571485772275
57.329922694118  11.611945512737
57.266341340724  11.6524052532
57.202827049055  11.692864993662
57.139379304533  11.733324734125
57.075997596496  11.773784474587
57.012681418154  11.81424421505
56.949430266535  11.854703955512
56.886243642438  11.895163695975
56.823121050386  11.935623436437
56.760061998576  11.9760831769
56.697065998835  12.016542917362
56.634132566575  12.057002657825
56.571261220742  12.097462398287
56.50845148378  12.13792213875
56.445702881578  12.178381879212
56.383014943435  12.218841619675
56.320387202012  12.259301360137
56.257819193292  12.2997611006
56.195310456539  12.340220841062
56.132860534255  12.380680581525
56.070468972143  12.421140321987
56.008135319064  12.46160006245
55.945859127001  12.502059802912
55.883639951019  12.542519543375
55.821477349224  12.582979283837
55.759370882733  12.6234390243
55.69732011563  12.663898764762
55.635324614933  12.704358505225
55.573383950556  12.744818245687
55.511497695275  12.78527798615
55.449665424695  12.825737726612
55.387886717211  12.866197467075
55.326161153978  12.906657207537
55.264488318874  12.947116948
55.20286779847  12.987576688462
55.141299181997  13.028036428925
55.07978206131  13.068496169387
55.018316030862  13.10895590985
54.956900687669  13.149415650312
54.895535631279  13.189875390775
54.834220463742  13.230335131237
54.772954789582  13.2707948717
54.711738215764  13.311254612162
54.650570351667  13.351714352625
54.589450809052  13.392174093087
54.528379202037  13.43263383355
54.467355147069  13.473093574012
54.40637826289  13.513553314475
54.345448170519  13.554013054937
54.284564493214  13.5944727954
54.223726856457  13.634932535862
54.162934887916  13.675392276325
54.102188217427  13.715852016787
54.041486476966  13.75631175725
53.980829300619  13.796771497712
53.920216324566  13.837231238175
53.859647187047  13.877690978637
53.799121528341  13.9181507191
53.738638990745  13.958610459562
53.678199218544  13.999070200025
53.617801857991  14.039529940487
53.557446557283  14.07998968095
53.497132966538  14.120449421412
53.436860737771  14.160909161875
53.376629524872  14.201368902337
53.316438983586  14.2418286428
53.256288771485  14.282288383262
53.196178547954  14.322748123725
53.136107974162  14.363207864187
53.076076713047  14.40366760465
53.01608442929  14.444127345112
52.956130789297  14.484587085575
52.896215461177  14.525046826037
52.836338114724  14.5655065665
52.776498421394  14.605966306962
52.716696054287  14.646426047425
52.656930688124  14.686885787887
52.597201999235  14.72734552835
52.53750966553  14.767805268812
52.477853366488  14.808265009275
52.418232783135  14.848724749737
52.358647598024  14.8891844902
52.299097495219  14.929644230662
52.239582160275  14.970103971125
52.180101280224  15.010563711587
52.120654543549  15.05102345205
52.061241640175  15.091483192512
52.001862261448  15.131942932975
51.942516100115  15.172402673437
51.883202850313  15.2128624139
51.823922207546  15.253322154362
51.764673868672  15.293781894825
51.705457531886  15.334241635287
51.646272896701  15.37470137575
51.587119663937  15.415161116212
51.527997535698  15.455620856675
51.468906215362  15.496080597137
51.409845407563  15.5365403376
51.350814818176  15.577000078062
51.291814154298  15.617459818525
51.232843124239  15.657919558987
51.173901437503  15.69837929945
51.114988804771  15.738839039912
51.056104937893  15.779298780375
50.997249549865  15.819758520837
50.938422354822  15.8602182613
50.879623068016  15.900678001762
50.820851405809  15.941137742225
50.762107085654  15.981597482687
50.703389826084  16.02205722315
50.644699346694  16.062516963612
50.586035368133  16.102976704075
50.527397612084  16.143436444537
50.468785801257  16.183896185
50.410199659368  16.224355925462
50.351638911134  16.264815665925
50.293103282254  16.305275406387
50.234592499397  16.34573514685
50.176106290189  16.386194887312
50.117644383204  16.426654627775
50.059206507946  16.467114368237
50.000792394838  16.5075741087
49.942401775211  16.548033849162
49.88403438129  16.588493589625
49.825689946183  16.628953330087
49.767368203866  16.66941307055
49.709068889174  16.709872811012
49.65079173779  16.750332551475
49.592536486227  16.790792291937
49.534302871822  16.8312520324
49.476090632724  16.871711772862
49.417899507876  16.912171513325
49.359729237013  16.952631253787
49.301579560643  16.99309099425
49.243450220039  17.033550734712
49.185340957225  17.074010475175
49.12725151497  17.114470215637
49.069181636771  17.1549299561
49.011131066846  17.195389696562
48.953099550119  17.235849437025
48.895086832215  17.276309177487
48.837092659443  17.31676891795
48.779116778788  17.357228658412
48.721158937902  17.397688398874
48.663218885091  17.438148139337
48.605296369304  17.4786078798
48.547391140125  17.519067620262
48.489502947761  17.559527360725
48.43163154303  17.599987101187
48.373776677355  17.64044684165
48.31593810275  17.680906582112
48.258115571812  17.721366322575
48.200308837709  17.761826063037
48.142517654172  17.8022858035
48.084741775484  17.842745543962
48.02698095647  17.883205284425
47.969234952488  17.923665024887
47.911503519417  17.96412476535
47.85378641365  18.004584505812
47.796083392083  18.045044246275
47.738394212105  18.085503986737
47.680718631589  18.1259637272
47.623056408884  18.166423467662
47.5654073028  18.206883208125
47.507771072606  18.247342948587
47.450147478016  18.287802689049
47.392536279179  18.328262429512
47.334937236674  18.368722169974
47.277350111496  18.409181910437
47.21977466505  18.449641650899
47.16221065914  18.490101391362
47.104657855962  18.530561131824
47.047116018091  18.571020872287
46.989584908475  18.61148061275
46.932064290428  18.651940353212
46.874553927616  18.692400093675
46.81705358405  18.732859834137
46.759563024079  18.7733195746
46.702082012379  18.813779315062
46.644610313945  18.854239055525
46.587147694081  18.894698795987
46.529693918395  18.93515853645
46.472248752784  18.975618276912
46.41481196343  19.016078017375
46.357383316791  19.056537757837
46.29996257959  19.0969974983
46.242549518809  19.137457238762
46.185143901679  19.177916979225
46.12774549567  19.218376719687
46.070354068484  19.258836460149
46.012969388049  19.299296200612
45.955591222506  19.339755941074
45.898219340202  19.380215681537
45.840853509682  19.420675421999
45.783493499681  19.461135162462
45.726139079116  19.501594902924
45.668790017074  19.542054643387
45.611446082808  19.582514383849
45.554107045727  19.622974124312
45.496772675385  19.663433864774
45.439442741478  19.703893605237
45.382117013831  19.7443533457
45.324795262392  19.784813086162
45.267477257221  19.825272826625
45.210162768487  19.865732567087
45.152851566455  19.90619230755
45.095543421476  19.946652048012
45.038238103988  19.987111788475
44.980935384495  20.027571528937
44.92363503357  20.0680312694
44.86633682184  20.108491009862
44.809040519979  20.148950750325
44.751745898701  20.189410490787
44.694452728753  20.229870231249
44.637160780903  20.270329971712
44.579869825933  20.310789712174
44.522579634634  20.351249452637
44.465289977792  20.391709193099
44.408000626186  20.432168933562
44.350711350574  20.472628674024
44.293421921689  20.513088414487
44.236132110229  20.553548154949
44.178841686849  20.594007895412
44.121550422152  20.634467635874
44.064258086681  20.674927376337
44.006964450912  20.715387116799
43.949669285244  20.755846857262
43.892372359993  20.796306597725
43.835073445381  20.836766338187
43.777772311528  20.87722607865
43.720468728445  20.917685819112
43.663162466028  20.958145559575
43.605853294042  20.998605300037
43.548540982121  21.0390650405
43.491225299756  21.079524780962
43.433906016284  21.119984521424
43.376582900886  21.160444261887
43.319255722571  21.200904002349
43.261924250175  21.241363742812
43.204588252346  21.281823483274
43.147247497542  21.322283223737
43.089901754014  21.362742964199
43.032550789808  21.403202704662
42.975194372746  21.443662445124
42.917832270427  21.484122185587
42.86046425021  21.524581926049
42.80309007921  21.565041666512
42.745709524291  21.605501406974
42.688322352051  21.645961147437
42.63092832882  21.686420887899
42.573527220649  21.726880628362
42.516118793297  21.767340368824
42.458702812229  21.807800109287
42.401279042603  21.848259849749
42.343847249264  21.888719590212
42.28640719673  21.929179330675
42.22895864919  21.969639071137
42.171501370489  22.0100988116
42.114035124122  22.050558552062
42.056559673227  22.091018292524
41.99907478057  22.131478032987
41.941580208541  22.171937773449
41.884075719143  22.212397513912
41.826561073984  22.252857254374
41.769036034265  22.293316994837
41.711500360775  22.333776735299
41.653953813878  22.374236475762
41.596396153503  22.414696216224
41.53882713914  22.455155956687
41.481246529826  22.495615697149
41.423654084136  22.536075437612
41.366049560173  22.576535178074
41.308432715563  22.616994918537
41.250803307438  22.657454658999
41.193161092434  22.697914399462
41.135505826673  22.738374139924
41.077837265762  22.778833880387
41.020155164776  22.819293620849
40.962459278252  22.859753361312
40.904749360177  22.900213101774
40.847025163981  22.940672842237
40.789286442522  22.981132582699
40.731532948081  23.021592323162
40.673764432348  23.062052063624
40.615980646413  23.102511804087
40.558181340758  23.142971544549
40.500366265241  23.183431285012
40.442535169092  23.223891025474
40.384687800898  23.264350765937
40.326823908595  23.304810506399
40.268943239453  23.345270246862
40.211045540071  23.385729987324
40.153130556364  23.426189727787
40.095198033549  23.466649468249
40.037247716139  23.507109208712
39.979279347929  23.547568949174
39.921292671984  23.588028689637
39.86328743063  23.628488430099
39.805263365443  23.668948170562
39.747220217235  23.709407911024
39.689157726044  23.749867651487
39.631075631123  23.790327391949
39.572973670927  23.830787132412
39.514851583104  23.871246872874
39.456709104478  23.911706613337
39.398545971043  23.952166353799
39.340361917947  23.992626094262
39.28215667948  24.033085834724
39.223929989065  24.073545575187
39.165681579243  24.114005315649
39.107411181659  24.154465056112
39.049118527055  24.194924796574
38.99080334525  24.235384537037
38.932465365135  24.275844277499
38.874104314653  24.316304017962
38.815719920793  24.356763758424
38.757311909569  24.397223498887
38.698880006014  24.437683239349
38.640423934164  24.478142979812
38.581943417042  24.518602720274
38.523438176649  24.559062460737
38.464907933948  24.599522201199
38.406352408848  24.639981941662
38.347771320196  24.680441682124
38.289164385757  24.720901422587
38.230531322202  24.761361163049
38.171871845095  24.801820903512
38.113185668878  24.842280643974
38.054472506854  24.882740384437
37.995732071176  24.923200124899
37.936964072828  24.963659865362
37.878168221615  25.004119605824
37.819344226143  25.044579346287
37.760491793807  25.085039086749
37.701610630773  25.125498827212
37.642700441965  25.165958567674
37.583760931049  25.206418308137
37.524791800413  25.246878048599
37.465792751155  25.287337789062
37.406763483068  25.327797529524
37.347703694619  25.368257269987
37.288613082935  25.408717010449
37.229491343785  25.449176750912
37.170338171567  25.489636491374
37.111153259286  25.530096231837
37.051936298537  25.570555972299
36.992686979491  25.611015712762
36.933404990876  25.651475453224
36.874090019957  25.691935193687
36.814741752521  25.732394934149
36.755359872856  25.772854674612
36.695944063733  25.813314415074
36.636494006392  25.853774155537
36.577009380514  25.894233895999
36.517489864212  25.934693636462
36.457935134005  25.975153376924
36.398344864799  26.015613117387
36.338718729871  26.056072857849
36.279056400847  26.096532598312
36.219357547679  26.136992338774
36.159621838631  26.177452079237
36.099848940251  26.217911819699
36.040038517355  26.258371560162
35.980190233007  26.298831300624
35.920303748491  26.339291041087
35.860378723298  26.379750781549
35.800414815095  26.420210522012
35.740411679713  26.460670262474
35.680368971116  26.501130002937
35.620286341381  26.541589743399
35.560163440677  26.582049483862
35.499999917241  26.622509224324
35.439795417353  26.662968964787
35.379549585313  26.703428705249
35.319262063418  26.743888445712
35.258932491936  26.784348186174
35.198560509082  26.824807926637
35.138145750994  26.865267667099
35.077687851704  26.905727407562
35.017186443119  26.946187148024
34.956641154989  26.986646888487
34.896051614883  27.027106628949
34.835417448163  27.067566369412
34.774738277955  27.108026109874
34.714013725125  27.148485850337
34.653243408249  27.188945590799
34.592426943584  27.229405331262
34.531563945043  27.269865071724
34.470654024164  27.310324812187
34.409696790079  27.350784552649
34.348691849491  27.391244293112
34.287638806636  27.431704033574
34.226537263258  27.472163774037
34.165386818578  27.512623514499
34.104187069261  27.553083254962
34.042937609384  27.593542995424
33.981638030408  27.634002735887
33.920287921141  27.674462476349
33.858886867707  27.714922216812
33.797434453514  27.755381957274
33.735930259219  27.795841697737
33.674373862694  27.836301438199
33.61276483899  27.876761178662
33.551102760305  27.917220919124
33.489387195946  27.957680659587
33.427617712292  27.998140400049
33.365793872761  28.038600140512
33.303915237767  28.079059880974
33.241981364691  28.119519621437
33.179991807833  28.159979361899
33.117946118379  28.200439102362
33.055843844361  28.240898842824
32.993684530618  28.281358583287
32.93146771875  28.321818323749
32.869192947085  28.362278064212
32.80685975063  28.402737804674
32.744467661035  28.443197545137
32.682016206545  28.483657285599
32.619504911958  28.524117026062
32.556933298583  28.564576766524
32.494300884191  28.605036506987
32.431607182975  28.645496247449
32.368851705498  28.685955987912
32.306033958649  28.726415728374
32.243153445595  28.766875468837
32.180209665734  28.807335209299
32.117202114643  28.847794949762
32.054130284029  28.888254690224
31.990993661682  28.928714430687
31.927791731416  28.969174171149
31.864523973026  29.009633911612
31.801189862228  29.050093652074
31.737788870606  29.090553392537
31.674320465561  29.131013132999
31.610784110253  29.171472873462
31.547179263544  29.211932613924
31.48350537994  29.252392354387
31.419761909536  29.292852094849
31.355948297954  29.333311835312
31.292063986284  29.373771575774
31.228108411021  29.414231316237
31.164081004006  29.454691056699
31.099981192361  29.495150797162
31.035808398422  29.535610537624
30.971562039681  29.576070278087
30.907241528713  29.616530018549
30.842846273109  29.656989759012
30.778375675414  29.697449499474
30.713829133048  29.737909239937
30.649206038242  29.778368980399
30.584505777964  29.818828720862
30.519727733843  29.859288461324
30.4548712821  29.899748201787
30.389935793465  29.940207942249
30.324920633108  29.980667682712
30.259825160552  30.021127423174
30.194648729602  30.061587163637
30.129390688255  30.102046904099
30.064050378625  30.142506644562
29.998627136853  30.182966385024
29.933120293027  30.223426125487
29.867529171089  30.263885865949
29.80185308875  30.304345606412
29.736091357402  30.344805346874
29.67024328202  30.385265087337
29.604308161073  30.425724827799
29.538285286429  30.466184568262
29.472173943255  30.506644308724
29.405973409921  30.547104049187
29.339682957899  30.587563789649
29.273301851662  30.628023530112
29.206829348576  30.668483270574
29.140264698797  30.708943011037
29.073607145164  30.749402751499
29.006855923084  30.789862491962
28.940010260427  30.830322232424
28.873069377403  30.870781972887
28.806032486455  30.911241713349
28.738898792133  30.951701453812
28.671667490976  30.992161194274
28.604337771388  31.032620934737
28.536908813515  31.073080675199
28.469379789113  31.113540415662
28.40174986142  31.154000156124
28.334018185022  31.194459896587
28.266183905717  31.234919637049
28.198246160379  31.275379377512
28.130204076813  31.315839117974
28.062056773615  31.356298858437
27.993803360021  31.396758598899
27.925442935763  31.437218339362
27.856974590909  31.477678079824
27.788397405714  31.518137820287
27.719710450456  31.558597560749
27.650912785278  31.599057301212
27.582003460018  31.639517041674
27.512981514043  31.679976782137
27.443845976075  31.720436522599
27.374595864016  31.760896263062
27.305230184767  31.801356003524
27.235747934045  31.841815743987
27.166148096198  31.882275484449
27.096429644006  31.922735224912
27.026591538495  31.963194965374
26.956632728731  32.003654705837
26.886552151617  32.044114446299
26.816348731686  32.084574186762
26.746021380888  32.125033927224
26.67556899837  32.165493667687
26.604990470256  32.205953408149
26.534284669418  32.246413148612
26.463450455246  32.286872889074
26.392486673407  32.327332629537
26.321392155604  32.367792369999
26.250165719329  32.408252110462
26.178806167605  32.448711850924
26.10731228873  32.489171591387
26.035682856009  32.529631331849
25.963916627485  32.570091072312
25.892012345657  32.610550812774
25.819968737197  32.651010553237
25.747784512659  32.691470293699
25.675458366183  32.731930034162
25.602988975185  32.772389774624
25.530375000047  32.812849515087
25.457615083801  32.853309255549
25.384707851794  32.893768996012
25.311651911359  32.934228736474
25.238445851467  32.974688476937
25.165088242379  33.015148217399
25.091577635283  33.055607957862
25.017912561923  33.096067698324
24.944091534225  33.136527438787
24.870113043905  33.176987179249
24.795975562073  33.217446919712
24.721677538825  33.257906660174
24.647217402824  33.298366400637
24.572593560872  33.338826141099
24.49780439747  33.379285881562
24.422848274368  33.419745622024
24.3477235301  33.460205362487
24.27242847951  33.500665102949
24.196961413265  33.541124843412
24.121320597355  33.581584583874
24.04550427258  33.622044324337
23.969510654019  33.662504064799
23.893337930494  33.702963805262
23.81698426401  33.743423545724
23.740447789186  33.783883286187
23.663726612668  33.824343026649
23.586818812523  33.864802767112
23.509722437624  33.905262507574
23.432435507011  33.945722248037
23.354956009235  33.986181988499
23.277281901688  34.026641728962
23.199411109906  34.067101469424
23.121341526862  34.107561209887
23.043071012229  34.148020950349
22.964597391629  34.188480690812
22.885918455856  34.228940431274
22.807031960078  34.269400171737
22.727935623015  34.309859912199
22.64862712609  34.350319652662
22.569104112563  34.390779393124
22.489364186625  34.431239133587
22.409404912481  34.471698874049
22.329223813389  34.512158614512
22.248818370683  34.552618354974
22.168186022756  34.593078095437
22.087324164018  34.633537835899
22.006230143814  34.673997576362
21.924901265319  34.714457316824
21.843334784386  34.754917057287
21.761527908363  34.795376797749
21.679477794873  34.835836538212
21.597181550552  34.876296278674
21.514636229745  34.916756019137
21.431838833161  34.957215759599
21.348786306481  34.997675500062
21.265475538925  35.038135240524
21.181903361761  35.078594980987
21.098066546774  35.119054721449
21.013961804675  35.159514461912
20.929585783459  35.199974202374
20.844935066702  35.240433942837
20.760006171806  35.280893683299
20.674795548172  35.321353423762
20.589299575316  35.361813164224
20.503514560917  35.402272904687
20.417436738784  35.442732645149
20.331062266766  35.483192385612
20.244387224571  35.523652126074
20.157407611512  35.564111866537
20.070119344166  35.604571606999
19.982518253941  35.645031347462
19.894600084563  35.685491087924
19.806360489451  35.725950828387
19.717795029004  35.766410568849
19.628899167772  35.806870309312
19.539668271524  35.847330049774
19.450097604195  35.887789790237
19.36018232471  35.928249530699
19.269917483689  35.968709271162
19.179298020002  36.009169011624
19.088318757199  36.049628752087
18.996974399779  36.090088492549
18.905259529315  36.130548233012
18.813168600401  36.171007973474
18.720695936441  36.211467713937
18.627835725245  36.251927454399
18.534582014443  36.292387194862
18.440928706688  36.332846935324
18.346869554658  36.373306675787
18.252398155823  36.413766416249
18.157507946986  36.454226156712
18.062192198563  36.494685897174
17.966444008613  36.535145637637
17.870256296579  36.575605378099
17.773621796737  36.616065118562
17.67653305134  36.656524859024
17.578982403421  36.696984599487
17.480961989255  36.737444339949
17.382463730448  36.777904080412
17.283479325634  36.818363820874
17.184000241753  36.858823561337
17.084017704887  36.899283301799
16.983522690627  36.939743042262
16.882505913935  36.980202782724
16.780957818482  37.020662523187
16.67886856541  37.061122263649
16.57622802149  37.101582004112
16.473025746646  37.142041744574
16.369250980774  37.182501485037
16.26489262984  37.222961225499
16.159939251188  37.263420965962
16.054379038001  37.303880706424
15.948199802872  37.344340446887
15.841388960403  37.384800187349
15.733933508769  37.425259927812
15.625820010178  37.465719668274
15.517034570127  37.506179408737
15.407562815379  37.546639149199
15.297389870557  37.587098889662
15.186500333248  37.627558630124
15.074878247491  37.668018370587
14.962507075541  37.708478111049
14.849369667743  37.748937851512
14.735448230376  37.789397591974
14.620724291299  37.829857332437
14.5051786632  37.870317072899
14.388791404247  37.910776813362
14.271541775922  37.951236553824
14.153408197768  37.991696294287
14.034368198785  38.032156034749
13.914398365164  38.072615775212
13.793474284009  38.113075515674
13.671570482665  38.153535256137
13.548660363239  38.193994996599
13.42471613182  38.234454737062
13.299708721883  38.274914477524
13.173607711264  38.315374217987
13.046381232053  38.355833958449
12.917995872637  38.396293698912
12.788416571049  38.436753439374
12.657606498659  38.477213179837
12.525526933118  38.517672920299
12.392137119315  38.558132660762
12.25739411693  38.598592401224
12.121252632983  38.639052141687
11.98366483752  38.679511882149
11.844580160325  38.719971622612
11.703945066204  38.760431363074
11.561702806024  38.800891103537
11.417793140228  38.841350843999
11.272152031017  38.881810584462
11.12471129874  38.922270324924
10.975398237283  38.962730065387
10.824135182305  39.003189805849
10.670839025067  39.043649546312
10.515420663224  39.084109286774
10.35778437831  39.124569027237
10.19782712758  39.165028767699
10.035437735358  39.205488508162
9.8704959659027  39.245948248624
9.7028714558534  39.286407989087
9.5324224793595  39.326867729549
9.3589945126926  39.367327470012
9.1824185570529  39.407787210474
9.00250916785  39.448246950937
8.8190621251301  39.488706691399
8.6318516619151  39.529166431862
8.44062714339  39.569626172324
8.2451090578241  39.610085912787
8.0449841364332  39.650545653249
7.8398993591015  39.691005393712
7.6294545183992  39.731465134174
7.4131928940549  39.771924874637
7.190589415727  39.812384615099
6.9610354343034  39.852844355562
6.7238188328007  39.893304096024
6.4780976055459  39.933763836487
6.2228640756894  39.974223576949
5.9568953468557  40.014683317412
5.6786829043061  40.055143057874
5.3863295211885  40.095602798337
5.0773927439074  40.136062538799
4.7486366448963  40.176522279262
4.3956160900092  40.216982019724
4.0119304497405  40.257441760187
3.5877544152557  40.297901500649
3.1065454515356  40.338361241112
2.5360423966178  40.378820981574
1.7929409771248  40.419280722037

