84.214431459051  0.4008
84.201412819682  0.40260000000001
84.188422969989  0.40440000000001
84.175461717325  0.40620000000001
84.162528871175  0.40800000000002
84.149624243128  0.4097999999999
84.136747646837  0.41159999999991
84.123898897993  0.41339999999991
84.111077814293  0.41519999999991
84.098284215407  0.41699999999992
84.085517922953  0.41879999999992
84.072778760462  0.42059999999992
84.060066553353  0.42239999999993
84.047381128906  0.42419999999993
84.03472231623  0.42599999999993
84.02208994624  0.42779999999993
84.009483851627  0.42959999999994
83.996903866837  0.43139999999994
83.984349828039  0.43319999999994
83.971821573105  0.43499999999995
83.959318941583  0.43679999999995
83.946841774673  0.43859999999995
83.934389915206  0.44039999999995
83.921963207615  0.44219999999996
83.909561497917  0.44399999999996
83.89718463369  0.44579999999996
83.884832464049  0.44759999999997
83.872504839626  0.44939999999997
83.860201612547  0.45119999999997
83.847922636415  0.45299999999997
83.835667766283  0.45479999999998
83.823436858641  0.45659999999998
83.811229771391  0.45839999999998
83.799046363831  0.46019999999999
83.786886496633  0.46199999999999
83.774750031827  0.46379999999999
83.762636832781  0.46559999999999
83.750546764181  0.4674
83.73847969202  0.4692
83.726435483571  0.471
83.714414007378  0.47280000000001
83.702415133234  0.47460000000001
83.690438732168  0.47640000000001
83.678484676426  0.4781999999999
83.666552839456  0.4799999999999
83.654643095892  0.48179999999991
83.642755321539  0.48359999999991
83.630889393356  0.48539999999991
83.619045189446  0.48719999999992
83.607222589033  0.48899999999992
83.595421472456  0.49079999999992
83.58364172115  0.49259999999992
83.571883217631  0.49439999999993
83.560145845487  0.49619999999993
83.548429489359  0.49799999999993
83.536734034932  0.49979999999994
83.525059368919  0.50159999999994
83.51340537905  0.50339999999994
83.501771954059  0.50519999999995
83.490158983668  0.50699999999995
83.478566358582  0.50879999999995
83.466993970469  0.51059999999995
83.455441711952  0.51239999999996
83.4439094766  0.51419999999996
83.432397158909  0.51599999999996
83.420904654299  0.51779999999997
83.409431859095  0.51959999999997
83.397978670523  0.52139999999997
83.386544986695  0.52319999999997
83.375130706597  0.52499999999998
83.363735730084  0.52679999999998
83.352359957864  0.52859999999998
83.341003291492  0.53039999999999
83.329665633358  0.53219999999999
83.318346886675  0.53399999999999
83.307046955475  0.53579999999999
83.295765744593  0.5376
83.284503159662  0.5394
83.273259107103  0.5412
83.262033494112  0.54300000000001
83.250826228659  0.54480000000001
83.239637219469  0.54660000000001
83.228466376021  0.54840000000002
83.217313608538  0.5501999999999
83.206178827974  0.55199999999991
83.195061946012  0.55379999999991
83.18396287505  0.55559999999991
83.172881528199  0.55739999999992
83.161817819267  0.55919999999992
83.15077166276  0.56099999999992
83.139742973866  0.56279999999992
83.128731668454  0.56459999999993
83.117737663062  0.56639999999993
83.106760874892  0.56819999999993
83.095801221802  0.56999999999994
83.084858622296  0.57179999999994
83.073932995523  0.57359999999994
83.063024261264  0.57539999999995
83.052132339928  0.57719999999995
83.041257152545  0.57899999999995
83.030398620758  0.58079999999995
83.019556666818  0.58259999999996
83.008731213575  0.58439999999996
82.997922184475  0.58619999999996
82.987129503552  0.58799999999997
82.976353095419  0.58979999999997
82.965592885266  0.59159999999997
82.954848798852  0.59339999999997
82.944120762499  0.59519999999998
82.933408703085  0.59699999999998
82.922712548041  0.59879999999998
82.912032225342  0.60059999999999
82.901367663504  0.60239999999999
82.890718791577  0.60419999999999
82.880085539137  0.60599999999999
82.869467836286  0.6078
82.858865613642  0.6096
82.848278802336  0.6114
82.837707334006  0.61320000000001
82.827151140792  0.61500000000001
82.816610155328  0.61680000000001
82.806084310744  0.61860000000001
82.795573540653  0.6203999999999
82.785077779151  0.62219999999991
82.77459696081  0.62399999999991
82.764131020675  0.62579999999991
82.753679894258  0.62759999999992
82.743243517533  0.62939999999992
82.732821826931  0.63119999999992
82.722414759338  0.63299999999992
82.712022252088  0.63479999999993
82.701644242959  0.63659999999993
82.69128067017  0.63839999999993
82.680931472375  0.64019999999994
82.670596588658  0.64199999999994
82.660275958533  0.64379999999994
82.649969521933  0.64559999999994
82.639677219213  0.64739999999995
82.629398991142  0.64919999999995
82.619134778899  0.65099999999995
82.60888452407  0.65279999999996
82.598648168644  0.65459999999996
82.588425655008  0.65639999999996
82.578216925945  0.65819999999997
82.568021924629  0.65999999999997
82.557840594622  0.66179999999997
82.547672879869  0.66359999999997
82.537518724696  0.66539999999998
82.527378073805  0.66719999999998
82.517250872272  0.66899999999998
82.507137065541  0.67079999999999
82.497036599423  0.67259999999999
82.486949420093  0.67439999999999
82.476875474083  0.67619999999999
82.466814708282  0.678
82.456767069931  0.6798
82.446732506622  0.6816
82.436710966291  0.68340000000001
82.426702397218  0.68520000000001
82.416706748023  0.68700000000001
82.406723967662  0.68880000000001
82.396754005426  0.69060000000002
82.386796810934  0.69239999999991
82.376852334135  0.69419999999991
82.366920525301  0.69599999999991
82.357001335027  0.69779999999992
82.347094714225  0.69959999999992
82.337200614125  0.70139999999992
82.327318986268  0.70319999999992
82.317449782506  0.70499999999993
82.307592954998  0.70679999999993
82.297748456209  0.70859999999993
82.287916238906  0.71039999999994
82.278096256153  0.71219999999994
82.268288461312  0.71399999999994
82.25849280804  0.71579999999994
82.248709250286  0.71759999999995
82.238937742284  0.71939999999995
82.229178238558  0.72119999999995
82.219430693915  0.72299999999996
82.209695063444  0.72479999999996
82.199971302511  0.72659999999996
82.19025936676  0.72839999999997
82.180559212109  0.73019999999997
82.170870794748  0.73199999999997
82.161194071136  0.73379999999997
82.151528997999  0.73559999999998
82.141875532328  0.73739999999998
82.132233631377  0.73919999999998
82.12260325266  0.74099999999999
82.11298435395  0.74279999999999
82.103376893273  0.74459999999999
82.093780828912  0.74639999999999
82.084196119401  0.7482
82.074622723522  0.75
82.065060600306  0.7518
82.055509709028  0.75360000000001
82.045970009209  0.75540000000001
82.036441460607  0.75720000000001
82.026924023224  0.75900000000001
82.017417657295  0.76080000000002
82.007922323292  0.76259999999991
81.998437981922  0.76439999999991
81.988964594121  0.76619999999991
81.979502121056  0.76799999999992
81.97005052412  0.76979999999992
81.960609764935  0.77159999999992
81.951179805344  0.77339999999992
81.941760607412  0.77519999999993
81.932352133427  0.77699999999993
81.922954345893  0.77879999999993
81.913567207531  0.78059999999994
81.904190681279  0.78239999999994
81.894824730287  0.78419999999994
81.885469317916  0.78599999999994
81.876124407737  0.78779999999995
81.86678996353  0.78959999999995
81.857465949281  0.79139999999995
81.848152329182  0.79319999999996
81.838849067626  0.79499999999996
81.82955612921  0.79679999999996
81.82027347873  0.79859999999996
81.811001081179  0.80039999999997
81.80173890175  0.80219999999997
81.79248690583  0.80399999999997
81.783245058998  0.80579999999998
81.774013327029  0.80759999999998
81.764791675885  0.80939999999998
81.75558007172  0.81119999999999
81.746378480875  0.81299999999999
81.737186869878  0.81479999999999
81.72800520544  0.81659999999999
81.718833454458  0.8184
81.709671584011  0.8202
81.700519561355  0.822
81.691377353931  0.82380000000001
81.682244929354  0.82560000000001
81.673122255416  0.82740000000001
81.664009300087  0.82920000000001
81.654906031507  0.83100000000002
81.645812417992  0.83280000000002
81.636728428028  0.83459999999991
81.62765403027  0.83639999999991
81.618589193543  0.83819999999992
81.609533886839  0.83999999999992
81.600488079317  0.84179999999992
81.591451740301  0.84359999999992
81.582424839276  0.84539999999993
81.573407345894  0.84719999999993
81.564399229965  0.84899999999993
81.555400461459  0.85079999999994
81.546411010508  0.85259999999994
81.537430847399  0.85439999999994
81.528459942576  0.85619999999994
81.519498266639  0.85799999999995
81.510545790342  0.85979999999995
81.501602484593  0.86159999999995
81.492668320451  0.86339999999996
81.483743269126  0.86519999999996
81.474827301979  0.86699999999996
81.465920390518  0.86879999999996
81.457022506399  0.87059999999997
81.448133621427  0.87239999999997
81.439253707549  0.87419999999997
81.430382736859  0.87599999999998
81.421520681594  0.87779999999998
81.412667514133  0.87959999999998
81.403823206996  0.88139999999999
81.394987732844  0.88319999999999
81.386161064478  0.88499999999999
81.377343174835  0.88679999999999
81.368534036994  0.8886
81.359733624165  0.8904
81.350941909697  0.8922
81.342158867073  0.89400000000001
81.333384469909  0.89580000000001
81.324618691953  0.89760000000001
81.315861507087  0.89940000000001
81.307112889321  0.90120000000002
81.298372812796  0.90299999999991
81.289641251784  0.90479999999991
81.280918180681  0.90659999999991
81.272203574014  0.90839999999992
81.263497406433  0.91019999999992
81.254799652717  0.91199999999992
81.246110287767  0.91379999999992
81.237429286607  0.91559999999993
81.228756624387  0.91739999999993
81.220092276376  0.91919999999993
81.211436217966  0.92099999999994
81.202788424668  0.92279999999994
81.194148872114  0.92459999999994
81.185517536053  0.92639999999994
81.176894392353  0.92819999999995
81.168279417  0.92999999999995
81.159672586094  0.93179999999995
81.151073875851  0.93359999999996
81.142483262604  0.93539999999996
81.133900722798  0.93719999999996
81.12532623299  0.93899999999996
81.116759769853  0.94079999999997
81.108201310169  0.94259999999997
81.099650830831  0.94439999999997
81.091108308843  0.94619999999998
81.082573721319  0.94799999999998
81.07404704548  0.94979999999998
81.065528258656  0.95159999999998
81.057017338285  0.95339999999999
81.04851426191  0.95519999999999
81.040019007182  0.95699999999999
81.031531551855  0.9588
81.023051873788  0.9606
81.014579950945  0.9624
81.006115761392  0.96420000000001
80.997659283298  0.96600000000001
80.989210494934  0.96780000000001
80.980769374671  0.96960000000001
80.972335900981  0.97140000000002
80.963910052437  0.97320000000002
80.955491807709  0.97500000000002
80.947081145568  0.97680000000003
80.938678044881  0.97859999999991
80.930282484612  0.98039999999992
80.921894443824  0.98219999999992
80.913513901674  0.98399999999992
80.905140837414  0.98579999999993
80.896775230392  0.98759999999993
80.888417060051  0.98939999999993
80.880066305926  0.99119999999994
80.871722947645  0.99299999999994
80.863386964929  0.99479999999994
80.85505833759  0.99659999999994
80.846737045534  0.99839999999995
80.838423068753  1.0001999999999
80.830116387334  1.002
80.82181698145  1.0038
80.813524831364  1.0056
80.805239917428  1.0074
80.796962220081  1.0092
80.78869171985  1.011
80.780428397349  1.0128
80.772172233277  1.0146
80.763923208419  1.0164
80.755681303647  1.0182
80.747446499915  1.02
80.739218778262  1.0218
80.730998119812  1.0236
80.72278450577  1.0254
80.714577917425  1.0272
80.706378336147  1.029
80.698185743388  1.0308
80.690000120681  1.0326
80.681821449641  1.0344
80.67364971196  1.0362
80.665484889413  1.038
80.657326963851  1.0398
80.649175917205  1.0416
80.641031731486  1.0434
80.632894388779  1.0451999999999
80.624763871248  1.0469999999999
80.616640161135  1.0487999999999
80.608523240756  1.0505999999999
80.600413092505  1.0523999999999
80.592309698849  1.0541999999999
80.584213042331  1.0559999999999
80.57612310557  1.0577999999999
80.568039871257  1.0595999999999
80.559963322156  1.0613999999999
80.551893441108  1.0631999999999
80.543830211021  1.0649999999999
80.535773614881  1.0667999999999
80.527723635741  1.0685999999999
80.519680256729  1.0703999999999
80.511643461042  1.0722
80.503613231949  1.074
80.495589552788  1.0758
80.487572406966  1.0776
80.479561777963  1.0794
80.471557649323  1.0812
80.463560004662  1.083
80.455568827664  1.0848
80.447584102079  1.0866
80.439605811726  1.0884
80.431633940489  1.0902
80.423668472322  1.092
80.41570939124  1.0938
80.40775668133  1.0956
80.39981032674  1.0974
80.391870311684  1.0992
80.383936620442  1.101
80.376009237356  1.1028
80.368088146835  1.1046
80.36017333335  1.1064
80.352264781434  1.1082
80.344362475684  1.11
80.336466400761  1.1118
80.328576541385  1.1136
80.320692882341  1.1154
80.312815408474  1.1172
80.304944104689  1.1189999999999
80.297078955954  1.1207999999999
80.289219947295  1.1225999999999
80.2813670638  1.1243999999999
80.273520290617  1.1261999999999
80.265679612952  1.1279999999999
80.25784501607  1.1297999999999
80.250016485296  1.1315999999999
80.242194006013  1.1333999999999
80.234377563662  1.1351999999999
80.22656714374  1.1369999999999
80.218762731806  1.1387999999999
80.210964313471  1.1405999999999
80.203171874405  1.1424
80.195385400337  1.1442
80.187604877048  1.146
80.179830290376  1.1478
80.172061626218  1.1496
80.164298870521  1.1514
80.15654200929  1.1532
80.148791028585  1.155
80.14104591452  1.1568
80.133306653262  1.1586
80.125573231032  1.1604
80.117845634105  1.1622
80.110123848811  1.164
80.102407861529  1.1658
80.094697658693  1.1676
80.08699322679  1.1694
80.079294552358  1.1712
80.071601621986  1.173
80.063914422316  1.1748
80.056232940041  1.1766
80.048557161904  1.1784
80.0408870747  1.1802
80.033222665273  1.182
80.025563920518  1.1838
80.01791082738  1.1856
80.010263372853  1.1874
80.002621543981  1.1891999999999
79.994985327857  1.1909999999999
79.987354711622  1.1927999999999
79.979729682467  1.1945999999999
79.972110227629  1.1963999999999
79.964496334396  1.1981999999999
79.956887990101  1.1999999999999
79.949285182127  1.2017999999999
79.941687897903  1.2035999999999
79.934096124905  1.2053999999999
79.926509850657  1.2071999999999
79.918929062727  1.2089999999999
79.911353748732  1.2107999999999
79.903783896333  1.2126
79.89621949324  1.2144
79.888660527204  1.2162
79.881106986026  1.218
79.873558857549  1.2198
79.866016129661  1.2216
79.858478790298  1.2234
79.850946827435  1.2252
79.843420229097  1.227
79.835898983348  1.2288
79.828383078299  1.2306
79.820872502103  1.2324
79.813367242958  1.2342
79.805867289103  1.236
79.79837262882  1.2378
79.790883250436  1.2396
79.783399142318  1.2414
79.775920292875  1.2432
79.768446690561  1.245
79.760978323869  1.2468
79.753515181335  1.2486
79.746057251534  1.2504
79.738604523086  1.2522
79.73115698465  1.254
79.723714624924  1.2558
79.716277432649  1.2576
79.708845396606  1.2594
79.701418505615  1.2611999999999
79.693996748538  1.2629999999999
79.686580114273  1.2647999999999
79.679168591763  1.2665999999999
79.671762169984  1.2683999999999
79.664360837957  1.2701999999999
79.656964584739  1.2719999999999
79.649573399425  1.2737999999999
79.64218727115  1.2755999999999
79.634806189088  1.2773999999999
79.62743014245  1.2791999999999
79.620059120484  1.2809999999999
79.612693112479  1.2828
79.605332107758  1.2846
79.597976095685  1.2864
79.590625065658  1.2882
79.583279007114  1.29
79.575937909527  1.2918
79.568601762406  1.2936
79.561270555299  1.2954
79.553944277788  1.2972
79.546622919492  1.299
79.539306470068  1.3008
79.531994919205  1.3026
79.524688256631  1.3044
79.517386472107  1.3062
79.510089555432  1.308
79.502797496438  1.3098
79.495510284993  1.3116
79.488227910999  1.3134
79.480950364394  1.3152
79.473677635148  1.317
79.466409713268  1.3188
79.459146588794  1.3206
79.4518882518  1.3224
79.444634692394  1.3242
79.437385900718  1.326
79.430141866946  1.3278
79.422902581286  1.3295999999999
79.415668033981  1.3313999999999
79.408438215305  1.3331999999999
79.401213115565  1.3349999999999
79.393992725102  1.3367999999999
79.386777034288  1.3385999999999
79.379566033529  1.3403999999999
79.372359713262  1.3421999999999
79.365158063956  1.3439999999999
79.357961076113  1.3457999999999
79.350768740266  1.3475999999999
79.34358104698  1.3493999999999
79.336397986852  1.3511999999999
79.329219550509  1.353
79.32204572861  1.3548
79.314876511846  1.3566
79.307711890938  1.3584
79.300551856636  1.3602
79.293396399725  1.362
79.286245511016  1.3638
79.279099181352  1.3656
79.271957401609  1.3674
79.264820162688  1.3692
79.257687455524  1.371
79.250559271079  1.3728
79.243435600347  1.3746
79.236316434351  1.3764
79.229201764142  1.3782
79.222091580802  1.38
79.21498587544  1.3818
79.207884639196  1.3836
79.200787863238  1.3854
79.193695538763  1.3872
79.186607656997  1.389
79.179524209193  1.3908
79.172445186634  1.3926
79.16537058063  1.3944
79.15830038252  1.3962
79.15123458367  1.398
79.144173175475  1.3998
79.137116149357  1.4016
79.130063496765  1.4033999999999
79.123015209176  1.4051999999999
79.115971278096  1.4069999999999
79.108931695055  1.4087999999999
79.101896451612  1.4105999999999
79.094865539353  1.4123999999999
79.087838949891  1.4141999999999
79.080816674865  1.4159999999999
79.073798705941  1.4177999999999
79.06678503481  1.4195999999999
79.059775653193  1.4213999999999
79.052770552833  1.4232
79.045769725503  1.425
79.038773162999  1.4268
79.031780857144  1.4286
79.024792799788  1.4304
79.017808982804  1.4322
79.010829398093  1.434
79.003854037581  1.4358
78.996882893218  1.4376
78.989915956981  1.4394
78.982953220871  1.4412
78.975994676914  1.443
78.969040317161  1.4448
78.962090133689  1.4466
78.955144118598  1.4484
78.948202264013  1.4502
78.941264562085  1.452
78.934331004987  1.4538
78.927401584917  1.4556
78.920476294099  1.4574
78.913555124778  1.4592
78.906638069226  1.461
78.899725119736  1.4628
78.892816268627  1.4646
78.885911508241  1.4664
78.879010830942  1.4682
78.872114229119  1.47
78.865221695186  1.4717999999999
78.858333221576  1.4735999999999
78.851448800748  1.4753999999999
78.844568425184  1.4771999999999
78.837692087388  1.4789999999999
78.830819779888  1.4807999999999
78.823951495233  1.4825999999999
78.817087225996  1.4843999999999
78.810226964772  1.4861999999999
78.803370704179  1.4879999999999
78.796518436856  1.4897999999999
78.789670155467  1.4915999999999
78.782825852696  1.4934
78.775985521248  1.4952
78.769149153853  1.497
78.762316743262  1.4988
78.755488282245  1.5006
78.748663763597  1.5024
78.741843180134  1.5042
78.735026524693  1.506
78.728213790132  1.5078
78.721404969331  1.5096
78.714600055191  1.5114
78.707799040634  1.5132
78.701001918604  1.515
78.694208682066  1.5168
78.687419324003  1.5186
78.680633837423  1.5204
78.673852215352  1.5222
78.667074450837  1.524
78.660300536948  1.5258
78.653530466771  1.5276
78.646764233416  1.5294
78.640001830013  1.5312
78.63324324971  1.533
78.626488485677  1.5348
78.619737531104  1.5366
78.612990379201  1.5384
78.606247023196  1.5402
78.599507456339  1.542
78.5927716719  1.5438
78.586039663166  1.5455999999999
78.579311423446  1.5473999999999
78.572586946069  1.5491999999999
78.56586622438  1.5509999999999
78.559149251747  1.5527999999999
78.552436021555  1.5545999999999
78.545726527209  1.5563999999999
78.539020762133  1.5581999999999
78.532318719771  1.5599999999999
78.525620393583  1.5617999999999
78.518925777052  1.5636
78.512234863677  1.5654
78.505547646975  1.5672
78.498864120485  1.569
78.492184277761  1.5708
78.485508112379  1.5726
78.478835617929  1.5744
78.472166788023  1.5762
78.465501616291  1.578
78.458840096379  1.5798
78.452182221953  1.5816
78.445527986696  1.5834
78.438877384311  1.5852
78.432230408515  1.587
78.425587053047  1.5888
78.418947311661  1.5906
78.41231117813  1.5924
78.405678646244  1.5942
78.399049709812  1.596
78.392424362658  1.5978
78.385802598626  1.5996
78.379184411575  1.6014
78.372569795383  1.6032
78.365958743944  1.605
78.359351251171  1.6068
78.352747310991  1.6086
78.346146917352  1.6104
78.339550064215  1.6122
78.33295674556  1.6139999999999
78.326366955385  1.6157999999999
78.319780687701  1.6175999999999
78.31319793654  1.6193999999999
78.306618695947  1.6211999999999
78.300042959985  1.6229999999999
78.293470722735  1.6247999999999
78.286901978292  1.6265999999999
78.280336720769  1.6283999999999
78.273774944294  1.6301999999999
78.267216643012  1.6319999999999
78.260661811084  1.6338
78.254110442688  1.6356
78.247562532016  1.6374
78.241018073278  1.6392
78.234477060699  1.641
78.22793948852  1.6428
78.221405350998  1.6446
78.214874642405  1.6464
78.20834735703  1.6482
78.201823489176  1.65
78.195303033163  1.6518
78.188785983325  1.6536
78.182272334014  1.6554
78.175762079594  1.6572
78.169255214447  1.659
78.16275173297  1.6608
78.156251629573  1.6626
78.149754898684  1.6644
78.143261534744  1.6662
78.136771532209  1.668
78.130284885553  1.6698
78.123801589261  1.6716
78.117321637836  1.6734
78.110845025793  1.6752
78.104371747664  1.677
78.097901797994  1.6788
78.091435171345  1.6806
78.084971862291  1.6824
78.078511865421  1.6842
78.072055175341  1.686
78.065601786668  1.6877999999999
78.059151694035  1.6895999999999
78.052704892091  1.6913999999999
78.046261375495  1.6931999999999
78.039821138924  1.6949999999999
78.033384177068  1.6967999999999
78.026950484631  1.6985999999999
78.020520056331  1.7003999999999
78.014092886899  1.7021999999999
78.007668971082  1.704
78.00124830364  1.7058
77.994830879347  1.7076
77.988416692989  1.7094
77.982005739369  1.7112
77.975598013301  1.713
77.969193509614  1.7148
77.96279222315  1.7166
77.956394148764  1.7184
77.949999281327  1.7202
77.943607615721  1.722
77.937219146842  1.7238
77.930833869599  1.7256
77.924451778915  1.7274
77.918072869726  1.7292
77.911697136982  1.731
77.905324575644  1.7328
77.898955180688  1.7346
77.892588947104  1.7364
77.886225869891  1.7382
77.879865944065  1.74
77.873509164653  1.7418
77.867155526695  1.7436
77.860805025245  1.7454
77.854457655368  1.7472
77.848113412143  1.749
77.841772290662  1.7508
77.835434286027  1.7526
77.829099393357  1.7544
77.822767607779  1.7561999999999
77.816438924435  1.7579999999999
77.81011333848  1.7597999999999
77.80379084508  1.7615999999999
77.797471439413  1.7633999999999
77.791155116672  1.7651999999999
77.784841872058  1.7669999999999
77.778531700789  1.7687999999999
77.772224598091  1.7705999999999
77.765920559205  1.7723999999999
77.759619579383  1.7742
77.753321653889  1.776
77.747026778  1.7778
77.740734947003  1.7796
77.734446156199  1.7814
77.728160400899  1.7832
77.721877676428  1.785
77.71559797812  1.7868
77.709321301325  1.7886
77.7030476414  1.7904
77.696776993718  1.7922
77.690509353659  1.794
77.684244716618  1.7958
77.677983078002  1.7976
77.671724433226  1.7994
77.665468777721  1.8012
77.659216106925  1.803
77.652966416291  1.8048
77.646719701281  1.8066
77.640475957369  1.8084
77.634235180042  1.8102
77.627997364795  1.812
77.621762507137  1.8138
77.615530602586  1.8156
77.609301646674  1.8174
77.603075634941  1.8192
77.59685256294  1.821
77.590632426233  1.8228
77.584415220396  1.8246
77.578200941014  1.8264
77.571989583682  1.8282
77.565781144009  1.8299999999999
77.559575617611  1.8317999999999
77.553373000117  1.8335999999999
77.547173287167  1.8353999999999
77.540976474412  1.8371999999999
77.53478255751  1.8389999999999
77.528591532135  1.8407999999999
77.522403393968  1.8425999999999
77.516218138701  1.8444
77.510035762039  1.8462
77.503856259694  1.848
77.49767962739  1.8498
77.491505860862  1.8516
77.485334955855  1.8534
77.479166908124  1.8552
77.473001713435  1.857
77.466839367563  1.8588
77.460679866294  1.8606
77.454523205425  1.8624
77.448369380763  1.8642
77.442218388123  1.866
77.436070223332  1.8678
77.429924882228  1.8696
77.423782360657  1.8714
77.417642654476  1.8732
77.411505759552  1.875
77.405371671761  1.8768
77.39924038699  1.8786
77.393111901135  1.8804
77.386986210104  1.8822
77.380863309811  1.884
77.374743196184  1.8858
77.368625865157  1.8876
77.362511312676  1.8894
77.356399534696  1.8912
77.350290527182  1.893
77.344184286108  1.8948
77.338080807458  1.8966
77.331980087226  1.8983999999999
77.325882121413  1.9001999999999
77.319786906034  1.9019999999999
77.313694437109  1.9037999999999
77.30760471067  1.9055999999999
77.301517722757  1.9073999999999
77.295433469422  1.9091999999999
77.289351946722  1.9109999999999
77.283273150727  1.9127999999999
77.277197077515  1.9146
77.271123723172  1.9164
77.265053083796  1.9182
77.258985155492  1.92
77.252919934374  1.9218
77.246857416566  1.9236
77.240797598202  1.9254
77.234740475422  1.9272
77.228686044379  1.929
77.222634301232  1.9308
77.216585242151  1.9326
77.210538863312  1.9344
77.204495160903  1.9362
77.198454131119  1.938
77.192415770165  1.9398
77.186380074255  1.9416
77.18034703961  1.9434
77.174316662462  1.9452
77.168288939049  1.947
77.162263865621  1.9488
77.156241438434  1.9506
77.150221653755  1.9524
77.144204507857  1.9542
77.138189997023  1.956
77.132178117544  1.9578
77.126168865722  1.9596
77.120162237864  1.9614
77.114158230287  1.9632
77.108156839317  1.965
77.102158061288  1.9668
77.096161892541  1.9686
77.090168329428  1.9704
77.084177368308  1.9721999999999
77.078189005548  1.9739999999999
77.072203237524  1.9757999999999
77.066220060619  1.9775999999999
77.060239471226  1.9793999999999
77.054261465746  1.9811999999999
77.048286040586  1.9829999999999
77.042313192163  1.9848
77.036342916903  1.9866
77.030375211238  1.9884
77.02441007161  1.9902
77.018447494468  1.992
77.012487476268  1.9938
77.006530013476  1.9956
77.000575102566  1.9974
76.994622740017  1.9992
76.988672922321  2.001
76.982725645972  2.0028
76.976780907477  2.0046
76.970838703349  2.0064
76.964899030106  2.0082
76.958961884279  2.01
76.953027262403  2.0118
76.947095161022  2.0136
76.941165576688  2.0154
76.93523850596  2.0172
76.929313945406  2.019
76.923391891599  2.0208
76.917472341123  2.0226
76.911555290568  2.0244
76.905640736531  2.0262
76.899728675617  2.028
76.893819104439  2.0298
76.887912019617  2.0316
76.882007417779  2.0334
76.876105295561  2.0352
76.870205649604  2.037
76.86430847656  2.0388
76.858413773085  2.0405999999999
76.852521535845  2.0423999999999
76.846631761511  2.0441999999999
76.840744446764  2.0459999999999
76.83485958829  2.0477999999999
76.828977182784  2.0495999999999
76.823097226947  2.0513999999999
76.817219717487  2.0531999999999
76.811344651122  2.0549999999999
76.805472024573  2.0568
76.799601834572  2.0586
76.793734077856  2.0604
76.787868751169  2.0622
76.782005851264  2.064
76.776145374898  2.0658
76.770287318839  2.0676
76.76443167986  2.0694
76.758578454739  2.0712
76.752727640265  2.073
76.746879233231  2.0748
76.741033230439  2.0766
76.735189628695  2.0784
76.729348424816  2.0802
76.723509615623  2.082
76.717673197945  2.0838
76.711839168617  2.0856
76.706007524481  2.0874
76.700178262387  2.0892
76.694351379191  2.091
76.688526871756  2.0928
76.68270473695  2.0946
76.676884971651  2.0964
76.671067572741  2.0982
76.66525253711  2.1
76.659439861654  2.1018
76.653629543277  2.1036
76.647821578888  2.1054
76.642015965403  2.1072
76.636212699745  2.109
76.630411778844  2.1108
76.624613199636  2.1126
76.618816959063  2.1143999999999
76.613023054074  2.1161999999999
76.607231481626  2.1179999999999
76.601442238679  2.1197999999999
76.595655322203  2.1215999999999
76.589870729172  2.1233999999999
76.584088456568  2.1251999999999
76.578308501379  2.127
76.572530860599  2.1288
76.566755531228  2.1306
76.560982510273  2.1324
76.555211794748  2.1342
76.549443381672  2.136
76.543677268071  2.1378
76.537913450977  2.1396
76.532151927428  2.1414
76.52639269447  2.1432
76.520635749152  2.145
76.514881088531  2.1468
76.509128709672  2.1486
76.503378609643  2.1504
76.49763078552  2.1522
76.491885234385  2.154
76.486141953324  2.1558
76.480400939433  2.1576
76.474662189811  2.1594
76.468925701563  2.1612
76.463191471802  2.163
76.457459497647  2.1648
76.45172977622  2.1666
76.446002304652  2.1684
76.440277080079  2.1702
76.434554099643  2.172
76.428833360492  2.1738
76.423114859779  2.1756
76.417398594665  2.1774
76.411684562314  2.1792
76.405972759898  2.181
76.400263184595  2.1827999999999
76.394555833587  2.1845999999999
76.388850704064  2.1863999999999
76.383147793219  2.1881999999999
76.377447098255  2.1899999999999
76.371748616376  2.1917999999999
76.366052344796  2.1935999999999
76.360358280731  2.1953999999999
76.354666421405  2.1972
76.348976764048  2.199
76.343289305893  2.2008
76.337604044182  2.2026
76.331920976161  2.2044
76.326240099082  2.2062
76.320561410201  2.208
76.314884906783  2.2098
76.309210586095  2.2116
76.303538445412  2.2134
76.297868482013  2.2152
76.292200693184  2.217
76.286535076215  2.2188
76.280871628403  2.2206
76.275210347049  2.2224
76.269551229461  2.2242
76.263894272952  2.226
76.258239474839  2.2278
76.252586832446  2.2296
76.246936343103  2.2314
76.241288004142  2.2332
76.235641812906  2.235
76.229997766737  2.2368
76.224355862987  2.2386
76.218716099013  2.2404
76.213078472174  2.2422
76.207442979837  2.244
76.201809619374  2.2458
76.196178388162  2.2476
76.190549283584  2.2494
76.184922303027  2.2512
76.179297443883  2.253
76.173674703551  2.2548
76.168054079434  2.2565999999999
76.16243556894  2.2583999999999
76.156819169483  2.2601999999999
76.151204878481  2.2619999999999
76.145592693358  2.2637999999999
76.139982611544  2.2655999999999
76.134374630472  2.2674
76.128768747582  2.2692
76.123164960318  2.271
76.117563266129  2.2728
76.11196366247  2.2746
76.1063661468  2.2764
76.100770716583  2.2782
76.09517736929  2.28
76.089586102395  2.2818
76.083996913377  2.2836
76.078409799721  2.2854
76.072824758917  2.2872
76.067241788458  2.289
76.061660885844  2.2908
76.056082048579  2.2926
76.050505274173  2.2944
76.04493056014  2.2962
76.039357903998  2.298
76.033787303271  2.2998
76.028218755489  2.3016
76.022652258184  2.3034
76.017087808896  2.3052
76.011525405166  2.307
76.005965044544  2.3088
76.000406724581  2.3106
75.994850442836  2.3124
75.989296196871  2.3142
75.983743984253  2.316
75.978193802553  2.3178
75.972645649348  2.3196
75.96709952222  2.3214
75.961555418754  2.3232
75.956013336541  2.3249999999999
75.950473273176  2.3267999999999
75.944935226259  2.3285999999999
75.939399193395  2.3303999999999
75.933865172192  2.3321999999999
75.928333160266  2.3339999999999
75.922803155234  2.3357999999999
75.917275154719  2.3376
75.911749156349  2.3394
75.906225157757  2.3412
75.900703156578  2.343
75.895183150455  2.3448
75.889665137033  2.3466
75.884149113962  2.3484
75.878635078898  2.3502
75.8731230295  2.352
75.867612963431  2.3538
75.862104878361  2.3556
75.856598771961  2.3574
75.85109464191  2.3592
75.845592485889  2.361
75.840092301584  2.3628
75.834594086685  2.3646
75.829097838888  2.3664
75.823603555892  2.3682
75.818111235401  2.37
75.812620875123  2.3718
75.807132472769  2.3736
75.801646026058  2.3754
75.796161532711  2.3772
75.790678990452  2.379
75.785198397011  2.3808
75.779719750123  2.3826
75.774243047527  2.3844
75.768768286963  2.3862
75.763295466181  2.388
75.75782458293  2.3898
75.752355634966  2.3916
75.746888620049  2.3934
75.741423535942  2.3952
75.735960380415  2.3969999999999
75.730499151238  2.3987999999999
75.725039846189  2.4005999999999
75.719582463047  2.4023999999999
75.714126999599  2.4041999999999
75.708673453633  2.4059999999999
75.703221822941  2.4078
75.697772105322  2.4096
75.692324298577  2.4114
75.68687840051  2.4132
75.681434408932  2.415
75.675992321657  2.4168
75.670552136501  2.4186
75.665113851288  2.4204
75.659677463842  2.4222
75.654242971993  2.424
75.648810373577  2.4258
75.64337966643  2.4276
75.637950848394  2.4294
75.632523917316  2.4312
75.627098871046  2.433
75.621675707438  2.4348
75.616254424349  2.4366
75.610835019641  2.4384
75.605417491181  2.4402
75.600001836838  2.442
75.594588054486  2.4438
75.589176142002  2.4456
75.583766097269  2.4474
75.578357918172  2.4492
75.5729516026  2.451
75.567547148446  2.4528
75.562144553607  2.4546
75.556743815986  2.4564
75.551344933485  2.4582
75.545947904015  2.46
75.540552725487  2.4618
75.535159395819  2.4636
75.52976791293  2.4654
75.524378274744  2.4671999999999
75.518990479189  2.4689999999999
75.513604524196  2.4707999999999
75.508220407702  2.4725999999999
75.502838127644  2.4743999999999
75.497457681967  2.4761999999999
75.492079068615  2.478
75.486702285541  2.4798
75.481327330698  2.4816
75.475954202043  2.4834
75.470582897538  2.4852
75.465213415149  2.487
75.459845752844  2.4888
75.454479908596  2.4906
75.449115880381  2.4924
75.443753666179  2.4942
75.438393263974  2.496
75.433034671752  2.4978
75.427677887505  2.4996
75.422322909227  2.5014
75.416969734916  2.5032
75.411618362574  2.505
75.406268790206  2.5068
75.400921015821  2.5086
75.395575037431  2.5104
75.390230853053  2.5122
75.384888460705  2.514
75.379547858412  2.5158
75.374209044199  2.5176
75.368872016098  2.5194
75.363536772141  2.5212
75.358203310366  2.523
75.352871628814  2.5248
75.347541725528  2.5266
75.342213598558  2.5284
75.336887245953  2.5302
75.331562665769  2.532
75.326239856064  2.5338
75.320918814899  2.5356
75.31559954034  2.5374
75.310282030455  2.5391999999999
75.304966283316  2.5409999999999
75.299652296998  2.5427999999999
75.29434006958  2.5445999999999
75.289029599145  2.5463999999999
75.283720883777  2.5482
75.278413921567  2.55
75.273108710605  2.5518
75.267805248988  2.5536
75.262503534816  2.5554
75.257203566189  2.5572
75.251905341215  2.559
75.246608858003  2.5608
75.241314114664  2.5626
75.236021109314  2.5644
75.230729840073  2.5662
75.225440305064  2.568
75.22015250241  2.5698
75.214866430243  2.5716
75.209582086693  2.5734
75.204299469897  2.5752
75.199018577994  2.577
75.193739409124  2.5788
75.188461961434  2.5806
75.183186233073  2.5824
75.177912222191  2.5842
75.172639926944  2.586
75.16736934549  2.5878
75.162100475991  2.5896
75.156833316611  2.5914
75.151567865519  2.5932
75.146304120884  2.595
75.141042080881  2.5968
75.135781743689  2.5986
75.130523107486  2.6004
75.125266170457  2.6022
75.120010930788  2.604
75.114757386671  2.6058
75.109505536297  2.6076
75.104255377863  2.6093999999999
75.099006909568  2.6111999999999
75.093760129615  2.6129999999999
75.088515036209  2.6147999999999
75.083271627559  2.6165999999999
75.078029901877  2.6184
75.072789857377  2.6202
75.067551492277  2.622
75.062314804799  2.6238
75.057079793166  2.6256
75.051846455606  2.6274
75.046614790348  2.6292
75.041384795626  2.631
75.036156469675  2.6328
75.030929810736  2.6346
75.025704817049  2.6364
75.020481486861  2.6382
75.01525981842  2.64
75.010039809976  2.6418
75.004821459785  2.6436
74.999604766103  2.6454
74.99438972719  2.6472
74.989176341309  2.649
74.983964606727  2.6508
74.978754521712  2.6526
74.973546084537  2.6544
74.968339293476  2.6562
74.963134146808  2.658
74.957930642812  2.6598
74.952728779773  2.6616
74.947528555976  2.6634
74.942329969713  2.6652
74.937133019274  2.667
74.931937702955  2.6688
74.926744019055  2.6706
74.921551965874  2.6724
74.916361541716  2.6742
74.911172744888  2.676
74.905985573699  2.6778
74.900800026463  2.6796000000001
74.895616101493  2.6813999999999
74.890433797109  2.6831999999999
74.885253111631  2.6849999999999
74.880074043382  2.6867999999999
74.874896590691  2.6886
74.869720751885  2.6904
74.864546525297  2.6922
74.859373909262  2.694
74.854202902118  2.6958
74.849033502205  2.6976
74.843865707867  2.6994
74.838699517449  2.7012
74.833534929301  2.703
74.828371941773  2.7048
74.823210553221  2.7066
74.818050762002  2.7084
74.812892566475  2.7102
74.807735965003  2.712
74.802580955951  2.7138
74.797427537686  2.7156
74.792275708581  2.7174
74.787125467008  2.7192
74.781976811343  2.721
74.776829739965  2.7228
74.771684251256  2.7246
74.766540343599  2.7264
74.761398015382  2.7282
74.756257264993  2.73
74.751118090826  2.7318
74.745980491275  2.7336
74.740844464737  2.7354
74.735710009612  2.7372
74.730577124304  2.739
74.725445807217  2.7408
74.72031605676  2.7426
74.715187871343  2.7444
74.71006124938  2.7462
74.704936189285  2.748
74.699812689478  2.7498000000001
74.69469074838  2.7515999999999
74.689570364414  2.7533999999999
74.684451536006  2.7551999999999
74.679334261585  2.7569999999999
74.674218539583  2.7588
74.669104368433  2.7606
74.663991746572  2.7624
74.658880672439  2.7642
74.653771144475  2.766
74.648663161125  2.7678
74.643556720835  2.7696
74.638451822054  2.7714
74.633348463233  2.7732
74.628246642828  2.775
74.623146359295  2.7768
74.618047611093  2.7786
74.612950396683  2.7804
74.607854714531  2.7822
74.602760563102  2.784
74.597667940866  2.7858
74.592576846294  2.7876
74.587487277861  2.7894
74.582399234043  2.7912
74.57731271332  2.793
74.572227714172  2.7948
74.567144235084  2.7966
74.562062274542  2.7984
74.556981831036  2.8002
74.551902903055  2.802
74.546825489095  2.8038
74.541749587651  2.8056
74.536675197221  2.8074
74.531602316308  2.8092
74.526530943413  2.811
74.521461077043  2.8128
74.516392715706  2.8146
74.511325857913  2.8164
74.506260502176  2.8182
74.501196647011  2.8200000000001
74.496134290936  2.8218000000001
74.49107343247  2.8235999999999
74.486014070136  2.8253999999999
74.480956202459  2.8271999999999
74.475899827966  2.829
74.470844945186  2.8308
74.465791552652  2.8326
74.460739648897  2.8344
74.455689232457  2.8362
74.450640301873  2.838
74.445592855685  2.8398
74.440546892436  2.8416
74.435502410672  2.8434
74.430459408941  2.8452
74.425417885794  2.847
74.420377839783  2.8488
74.415339269464  2.8506
74.410302173393  2.8524
74.40526655013  2.8542
74.400232398237  2.856
74.395199716278  2.8578
74.390168502819  2.8596
74.385138756429  2.8614
74.38011047568  2.8632
74.375083659142  2.865
74.370058305394  2.8668
74.365034413011  2.8686
74.360011980574  2.8704
74.354991006664  2.8722
74.349971489867  2.874
74.344953428769  2.8758
74.339936821957  2.8776
74.334921668025  2.8794
74.329907965563  2.8812
74.324895713169  2.883
74.319884909438  2.8848
74.314875552972  2.8866
74.309867642372  2.8884
74.304861176242  2.8902
74.299856153189  2.8920000000001
74.294852571821  2.8937999999999
74.289850430748  2.8955999999999
74.284849728583  2.8973999999999
74.279850463942  2.8992
74.274852635442  2.901
74.269856241701  2.9028
74.264861281341  2.9046
74.259867752986  2.9064
74.254875655261  2.9082
74.249884986795  2.91
74.244895746216  2.9118
74.239907932158  2.9136
74.234921543254  2.9154
74.229936578141  2.9172
74.224953035457  2.919
74.219970913842  2.9208
74.21499021194  2.9226
74.210010928394  2.9244
74.205033061852  2.9262
74.200056610963  2.928
74.195081574377  2.9298
74.190107950748  2.9316
74.18513573873  2.9334
74.180164936981  2.9352
74.17519554416  2.937
74.170227558929  2.9388
74.16526097995  2.9406
74.160295805889  2.9424
74.155332035413  2.9442
74.150369667193  2.946
74.145408699899  2.9478
74.140449132205  2.9496
74.135490962787  2.9514
74.130534190322  2.9532
74.12557881349  2.955
74.120624830972  2.9568
74.115672241453  2.9586
74.110721043617  2.9604
74.105771236153  2.9622000000001
74.100822817749  2.9640000000001
74.095875787099  2.9657999999999
74.090930142895  2.9675999999999
74.085985883833  2.9694
74.08104300861  2.9712
74.076101515927  2.973
74.071161404485  2.9748
74.066222672986  2.9766
74.061285320138  2.9784
74.056349344646  2.9802
74.051414745222  2.982
74.046481520575  2.9838
74.041549669419  2.9856
74.03661919047  2.9874
74.031690082445  2.9892
74.026762344062  2.991
74.021835974043  2.9928
74.016910971111  2.9946
74.011987333991  2.9964
74.007065061409  2.9982
74.002144152094  3

