83.535435825293  0.5
83.519229796444  0.50249999999994
83.503063544723  0.505
83.486936773869  0.50750000000005
83.470849191268  0.50999999999999
83.454800507889  0.51250000000005
83.438790438227  0.51499999999999
83.422818700236  0.51750000000004
83.40688501528  0.51999999999998
83.390989108067  0.52250000000004
83.375130706597  0.52499999999998
83.359309542107  0.52750000000003
83.343525349019  0.52999999999997
83.327777864884  0.53250000000003
83.312066830331  0.53499999999997
83.296391989019  0.53750000000002
83.280753087589  0.53999999999996
83.265149875608  0.54250000000002
83.249582105533  0.54499999999996
83.234049532655  0.54750000000001
83.218551915059  0.54999999999995
83.203089013578  0.55250000000001
83.187660591749  0.55499999999995
83.172266415771  0.5575
83.156906254466  0.56000000000006
83.141579879231  0.5625
83.126287064007  0.56500000000005
83.11102758523  0.5675
83.095801221802  0.57000000000005
83.080607755045  0.57249999999999
83.065446968671  0.57500000000005
83.050318648741  0.57749999999999
83.03522258363  0.58000000000004
83.020158563994  0.58249999999998
83.005126382734  0.58500000000004
82.990125834963  0.58749999999998
82.975156717975  0.59000000000003
82.960218831209  0.59249999999997
82.94531197622  0.59500000000003
82.930435956647  0.59749999999997
82.915590578182  0.60000000000002
82.900775648543  0.60249999999996
82.885990977438  0.60500000000002
82.871236376545  0.60749999999996
82.856511659478  0.61000000000001
82.841816641758  0.61249999999995
82.827151140791  0.61500000000001
82.812514975838  0.61749999999995
82.797907967988  0.62
82.783329940134  0.62249999999995
82.768780716947  0.625
82.754260124851  0.62750000000005
82.739767992  0.63
82.725304148249  0.63250000000005
82.710868425139  0.63499999999999
82.696460655866  0.63750000000005
82.682080675262  0.63999999999999
82.667728319772  0.64250000000004
82.653403427431  0.64499999999998
82.639105837845  0.64750000000004
82.624835392167  0.64999999999998
82.610591933077  0.65250000000003
82.596375304763  0.65499999999997
82.5821853529  0.65750000000003
82.568021924629  0.65999999999997
82.553884868538  0.66250000000002
82.539774034645  0.66499999999996
82.525689274378  0.66750000000002
82.511630440552  0.66999999999996
82.497597387361  0.67250000000001
82.483589970351  0.67499999999995
82.469608046404  0.67750000000001
82.455651473726  0.67999999999995
82.441720111824  0.6825
82.427813821492  0.68500000000006
82.413932464795  0.6875
82.400075905052  0.68999999999994
82.386244006818  0.6925
82.372436635873  0.69500000000005
82.358653659204  0.69749999999999
82.344894944989  0.70000000000005
82.331160362583  0.70249999999999
82.317449782505  0.70500000000004
82.303763076421  0.70749999999998
82.290100117129  0.71000000000004
82.276460778551  0.71249999999998
82.262844935712  0.71500000000003
82.24925246473  0.71749999999997
82.235683242804  0.72000000000003
82.222137148197  0.72249999999997
82.208614060226  0.72500000000002
82.195113859249  0.72749999999996
82.181636426652  0.73000000000002
82.168181644837  0.73249999999996
82.154749397208  0.73500000000001
82.141339568162  0.73749999999995
82.127952043077  0.74000000000001
82.114586708296  0.74249999999995
82.101243451123  0.745
82.087922159804  0.74749999999995
82.074622723521  0.75
82.061345032382  0.75250000000005
82.048088977403  0.755
82.034854450508  0.75750000000005
82.021641344508  0.75999999999999
82.008449553099  0.76250000000005
81.995278970847  0.76499999999999
81.982129493181  0.76750000000004
81.96900101638  0.76999999999998
81.955893437566  0.77250000000004
81.942806654694  0.77499999999998
81.929740566543  0.77750000000003
81.916695072702  0.77999999999997
81.90367007357  0.78250000000003
81.890665470339  0.78499999999997
81.877681164987  0.78750000000002
81.864717060273  0.78999999999996
81.851773059723  0.79250000000002
81.838849067626  0.79499999999996
81.825944989023  0.79750000000001
81.813060729698  0.79999999999995
81.800196196174  0.80250000000001
81.7873512957  0.80499999999995
81.774525936247  0.8075
81.761720026498  0.81000000000006
81.74893347584  0.8125
81.736166194359  0.81499999999994
81.723418092829  0.8175
81.710689082708  0.82000000000005
81.697979076127  0.82249999999999
81.685287985888  0.82500000000005
81.672615725452  0.82749999999999
81.659962208933  0.83000000000004
81.647327351093  0.83249999999998
81.634711067336  0.83500000000004
81.622113273697  0.83749999999998
81.609533886839  0.84000000000003
81.596972824044  0.84249999999997
81.584430003209  0.84500000000003
81.57190534284  0.84749999999997
81.559398762041  0.85000000000002
81.546910180514  0.85249999999996
81.534439518548  0.85500000000002
81.521986697016  0.85749999999996
81.509551637368  0.86000000000001
81.497134261624  0.86249999999995
81.484734492372  0.86500000000001
81.472352252756  0.86749999999995
81.459987466477  0.87
81.447640057783  0.87250000000006
81.435309951465  0.875
81.422997072852  0.87750000000005
81.410701347804  0.88
81.39842270271  0.88250000000005
81.386161064477  0.88499999999999
81.373916360533  0.88750000000005
81.361688518814  0.88999999999999
81.349477467762  0.89250000000004
81.337283136324  0.89499999999998
81.325105453941  0.89750000000004
81.312944350544  0.89999999999998
81.300799756554  0.90250000000003
81.288671602873  0.90499999999997
81.27655982088  0.90750000000003
81.264464342427  0.90999999999997
81.252385099834  0.91250000000002
81.240322025887  0.91499999999996
81.228275053827  0.91750000000002
81.216244117355  0.91999999999996
81.20422915062  0.92250000000001
81.192230088218  0.92499999999995
81.180246865185  0.92750000000001
81.168279417  0.92999999999995
81.156327679571  0.9325
81.144391589238  0.93500000000006
81.132471082767  0.9375
81.120566097345  0.94000000000005
81.108676570578  0.9425
81.096802440484  0.94500000000005
81.084943645494  0.94749999999999
81.073100124443  0.95000000000005
81.06127181657  0.95249999999999
81.049458661512  0.95500000000004
81.037660599302  0.95749999999998
81.025877570366  0.96000000000004
81.014109515514  0.96249999999998
81.002356375946  0.96500000000003
80.990618093238  0.96749999999997
80.978894609347  0.97000000000003
80.967185866604  0.97249999999997
80.955491807709  0.97500000000002
80.943812375732  0.97749999999996
80.932147514105  0.98000000000002
80.920497166622  0.98249999999996
80.908861277435  0.98500000000001
80.89723979105  0.98749999999995
80.885632652327  0.99000000000001
80.874039806469  0.99249999999995
80.862461199031  0.995
80.850896775904  0.99750000000006
80.839346483323  1
80.827810267856  1.0025000000001
80.816288076407  1.005
80.804779856209  1.0075000000001
80.793285554822  1.01
80.781805120132  1.0125
80.770338500348  1.015
80.758885643994  1.0175
80.747446499915  1.02
80.736021017267  1.0225
80.724609145518  1.025
80.713210834445  1.0275
80.701826034129  1.03
80.690454694955  1.0325
80.679096767609  1.035
80.667752203075  1.0375
80.656420952631  1.04
80.645102967851  1.0425
80.633798200597  1.045
80.62250660302  1.0475
80.611228127556  1.05
80.599962726926  1.0525
80.58871035413  1.0549999999999
80.577470962449  1.0575
80.566244505439  1.0599999999999
80.555030936929  1.0625
80.543830211021  1.0650000000001
80.532642282088  1.0675
80.521467104767  1.0700000000001
80.510304633964  1.0725
80.499154824845  1.075
80.488017632838  1.0775
80.47689301363  1.08
80.465780923165  1.0825
80.454681317641  1.085
80.443594153507  1.0875
80.432519387466  1.09
80.421456976467  1.0925
80.410406877705  1.095
80.399369048623  1.0975
80.388343446902  1.1
80.377330030467  1.1025
80.36632875748  1.105
80.355339586341  1.1075
80.344362475684  1.11
80.333397384377  1.1125
80.322444271519  1.115
80.311503096438  1.1174999999999
80.300573818691  1.12
80.289656398059  1.1224999999999
80.278750794548  1.125
80.267856968386  1.1274999999999
80.256974880024  1.13
80.24610449013  1.1325000000001
80.235245759587  1.135
80.224398649499  1.1375
80.213563121179  1.14
80.202739136155  1.1425
80.191926656165  1.145
80.181125643156  1.1475
80.170336059282  1.15
80.159557866903  1.1525
80.148791028585  1.155
80.138035507095  1.1575
80.127291265401  1.16
80.116558266672  1.1625
80.105836474275  1.165
80.095125851772  1.1675
80.084426362923  1.17
80.07373797168  1.1725
80.063060642188  1.175
80.052394338782  1.1775
80.041739025987  1.1799999999999
80.031094668517  1.1825
80.020461231272  1.1849999999999
80.009838679337  1.1875
79.999226977982  1.1900000000001
79.988626092658  1.1925
79.978035988997  1.1950000000001
79.967456632815  1.1975
79.956887990101  1.2
79.946330027025  1.2025
79.935782709932  1.205
79.925246005342  1.2075
79.914719879948  1.21
79.904204300615  1.2125
79.89369923438  1.215
79.88320464845  1.2175
79.872720510198  1.22
79.862246787166  1.2225
79.851783447064  1.225
79.841330457764  1.2275
79.830887787303  1.23
79.82045540388  1.2325
79.810033275857  1.235
79.799621371754  1.2375
79.789219660252  1.24
79.778828110189  1.2424999999999
79.768446690561  1.245
79.758075370519  1.2474999999999
79.747714119368  1.25
79.737362906568  1.2525000000001
79.727021701732  1.255
79.716690474623  1.2575000000001
79.706369195154  1.26
79.69605783339  1.2625
79.685756359542  1.265
79.675464743969  1.2675
79.665182957177  1.27
79.654910969817  1.2725
79.644648752684  1.275
79.634396276716  1.2775
79.624153512995  1.28
79.613920432741  1.2825
79.603697007319  1.285
79.59348320823  1.2875
79.583279007114  1.29
79.57308437575  1.2925
79.562899286053  1.295
79.552723710073  1.2975
79.542557619995  1.3
79.532400988138  1.3025
79.522253786955  1.3049999999999
79.512115989029  1.3075
79.501987567077  1.3100000000001
79.491868493944  1.3125
79.481758742605  1.3150000000001
79.471658286165  1.3175
79.461567097854  1.3200000000001
79.451485151031  1.3225
79.441412419181  1.325
79.431348875913  1.3275
79.421294494963  1.33
79.411249250186  1.3325
79.401213115565  1.335
79.391186065201  1.3375
79.381168073319  1.34
79.371159114262  1.3425
79.361159162494  1.345
79.351168192597  1.3475
79.341186179272  1.35
79.331213097337  1.3525
79.321248921726  1.355
79.311293627489  1.3575
79.301347189791  1.36
79.291409583911  1.3625
79.281480785243  1.365
79.271560769292  1.3674999999999
79.261649511676  1.37
79.251746988125  1.3724999999999
79.241853174477  1.375
79.231968046683  1.3775000000001
79.222091580802  1.38
79.212223753001  1.3825000000001
79.202364539556  1.385
79.192513916851  1.3875
79.182671861373  1.39
79.172838349719  1.3925
79.163013358588  1.395
79.153196864785  1.3975
79.14338884522  1.4
79.133589276903  1.4025
79.12379813695  1.405
79.114015402577  1.4075
79.104241051102  1.41
79.094475059943  1.4125
79.084717406618  1.415
79.074968068746  1.4175
79.065227024043  1.42
79.055494250325  1.4225
79.045769725503  1.425
79.036053427588  1.4275
79.026345334685  1.4299999999999
79.016645424996  1.4325
79.006953676818  1.4349999999999
78.997270068543  1.4375
78.987594578657  1.4400000000001
78.977927185739  1.4425
78.968267868462  1.4450000000001
78.958616605588  1.4475
78.948973375977  1.45
78.939338158574  1.4525
78.929710932418  1.455
78.920091676638  1.4575
78.910480370452  1.46
78.900876993167  1.4625
78.89128152418  1.465
78.881693942974  1.4675
78.872114229119  1.47
78.862542362276  1.4725
78.852978322188  1.475
78.843422088686  1.4775
78.833873641687  1.48
78.824332961191  1.4825
78.814800027284  1.485
78.805274820136  1.4875
78.79575732  1.49
78.786247507211  1.4924999999999
78.776745362187  1.495
78.76725086543  1.4974999999999
78.757763997521  1.5
78.748284739122  1.5025000000001
78.738813070978  1.505
78.729348973911  1.5075000000001
78.719892428825  1.51
78.710443416703  1.5125
78.701001918604  1.515
78.691567915669  1.5175
78.682141389114  1.52
78.672722320234  1.5225
78.6633106904  1.525
78.65390648106  1.5275
78.644509673737  1.53
78.635120250031  1.5325
78.625738191616  1.535
78.616363480242  1.5375
78.606996097732  1.54
78.597636025984  1.5425
78.588283246968  1.545
78.578937742728  1.5475
78.569599495381  1.55
78.560268487115  1.5525
78.550944700192  1.5549999999999
78.541628116943  1.5575
78.532318719771  1.5600000000001
78.523016491149  1.5625
78.513721413622  1.5650000000001
78.504433469803  1.5675
78.495152642375  1.5700000000001
78.485878914091  1.5725
78.47661226777  1.575
78.467352686303  1.5775
78.458100152646  1.58
78.448854649823  1.5825
78.439616160925  1.585
78.430384669113  1.5875
78.421160157609  1.59
78.411942609706  1.5925
78.402732008759  1.595
78.39352833819  1.5975
78.384331581486  1.6
78.375141722199  1.6025
78.365958743944  1.605
78.356782630401  1.6075
78.347613365312  1.61
78.338450932485  1.6125
78.329295315787  1.615
78.320146499152  1.6174999999999
78.311004466572  1.62
78.301869202104  1.6225000000001
78.292740689865  1.625
78.283618914033  1.6275000000001
78.274503858847  1.63
78.265395508608  1.6325000000001
78.256293847675  1.635
78.247198860468  1.6375
78.238110531467  1.64
78.22902884521  1.6425
78.219953786296  1.645
78.210885339379  1.6475
78.201823489176  1.65
78.192768220457  1.6525
78.183719518055  1.655
78.174677366855  1.6575
78.165641751803  1.66
78.156612657901  1.6625
78.147590070205  1.665
78.138573973832  1.6675
78.129564353949  1.67
78.120561195783  1.6725
78.111564484616  1.675
78.102574205782  1.6775
78.093590344672  1.6799999999999
78.084612886732  1.6825
78.07564181746  1.6850000000001
78.06667712241  1.6875
78.057718787189  1.6900000000001
78.048766797456  1.6925
78.039821138924  1.6950000000001
78.03088179736  1.6975
78.021948758581  1.7
78.013022008459  1.7025
78.004101532915  1.705
77.995187317925  1.7075
77.986279349512  1.71
77.977377613755  1.7125
77.968482096781  1.715
77.959592784768  1.7175
77.950709663945  1.72
77.941832720591  1.7225
77.932961941034  1.725
77.924097311652  1.7275
77.915238818875  1.73
77.906386449177  1.7325
77.897540189085  1.735
77.888700025174  1.7375
77.879865944065  1.74
77.871037932429  1.7424999999999
77.862215976986  1.745
77.853400064501  1.7475000000001
77.844590181789  1.75
77.83578631571  1.7525000000001
77.826988453172  1.755
77.818196581129  1.7575000000001
77.809410686583  1.76
77.800630756581  1.7625
77.791856778216  1.765
77.783088738627  1.7675
77.774326624999  1.77
77.765570424561  1.7725
77.756820124589  1.775
77.748075712403  1.7775
77.739337175368  1.78
77.730604500891  1.7825
77.721877676427  1.785
77.713156689473  1.7875
77.70444152757  1.79
77.695732178303  1.7925
77.687028629299  1.795
77.678330868229  1.7975
77.669638882809  1.8
77.660952660794  1.8025
77.652272189983  1.8049999999999
77.64359745822  1.8075
77.634928453387  1.8100000000001
77.62626516341  1.8125
77.617607576256  1.8150000000001
77.608955679935  1.8175
77.600309462497  1.8200000000001
77.591668912032  1.8225
77.583034016674  1.825
77.574404764595  1.8275
77.565781144009  1.83
77.557163143169  1.8325
77.548550750369  1.835
77.539943953944  1.8375
77.531342742267  1.84
77.52274710375  1.8425
77.514157026848  1.845
77.50557250005  1.8475
77.496993511889  1.85
77.488420050934  1.8525
77.479852105792  1.855
77.471289665112  1.8575
77.462732717576  1.86
77.454181251909  1.8625
77.445635256872  1.865
77.437094721262  1.8674999999999
77.428559633917  1.87
77.42002998371  1.8724999999999
77.411505759552  1.875
77.40298695039  1.8775000000001
77.394473545209  1.88
77.38596553303  1.8825000000001
77.377462902912  1.885
77.368965643949  1.8875
77.360473745271  1.89
77.351987196044  1.8925
77.343505985471  1.895
77.33503010279  1.8975
77.326559537273  1.9
77.318094278231  1.9025
77.309634315007  1.905
77.301179636979  1.9075
77.292730233562  1.91
77.284286094205  1.9125
77.27584720839  1.915
77.267413565635  1.9175
77.258985155492  1.92
77.250561967546  1.9225
77.242143991417  1.925
77.23373121676  1.9275
77.22532363326  1.9299999999999
77.216921230638  1.9325
77.208523998649  1.9350000000001
77.200131927079  1.9375
77.191745005749  1.9399999999999
77.18336322451  1.9425
77.17498657325  1.9450000000001
77.166615041885  1.9475
77.158248620367  1.95
77.149887298679  1.9525
77.141531066834  1.955
77.133179914881  1.9575
77.124833832899  1.96
77.116492810996  1.9625
77.108156839317  1.965
77.099825908033  1.9675
77.091500007351  1.97
77.083179127505  1.9725
77.074863258762  1.975
77.066552391421  1.9775
77.058246515809  1.98
77.049945622286  1.9825
77.041649701241  1.985
77.033358743094  1.9875
77.025072738295  1.99
77.016791677324  1.9924999999999
77.00851555069  1.995
77.000244348935  1.9975000000001
76.991978062626  2
76.983716682363  2.0025000000001
76.975460198774  2.005
76.967208602517  2.0075000000001
76.958961884279  2.01
76.950720034775  2.0125
76.942483044749  2.015
76.934250904976  2.0175
76.926023606257  2.02
76.917801139423  2.0225
76.909583495332  2.025
76.901370664873  2.0275
76.893162638959  2.03
76.884959408536  2.0325
76.876760964572  2.035
76.868567298069  2.0375
76.860378400053  2.04
76.852194261577  2.0425
76.844014873723  2.045
76.835840227602  2.0475
76.827670314347  2.05
76.819505125124  2.0525
76.811344651122  2.0549999999999
76.803188883558  2.0575
76.795037813676  2.0600000000001
76.786891432746  2.0625
76.778749732065  2.0650000000001
76.770612702957  2.0675
76.762480336772  2.0700000000001
76.754352624884  2.0725
76.746229558696  2.075
76.738111129635  2.0775
76.729997329155  2.08
76.721888148736  2.0825
76.713783579882  2.085
76.705683614124  2.0875
76.697588243018  2.09
76.689497458144  2.0925
76.68141125111  2.095
76.673329613546  2.0975
76.66525253711  2.1
76.657180013481  2.1025
76.649112034368  2.105
76.641048591499  2.1075
76.632989676631  2.11
76.624935281544  2.1125
76.616885398041  2.115
76.608840017951  2.1174999999999
76.600799133127  2.12
76.592762735445  2.1224999999999
76.584730816807  2.125
76.576703369135  2.1275000000001
76.56868038438  2.13
76.560661854512  2.1325000000001
76.552647771527  2.135
76.544638127445  2.1375
76.536632914307  2.14
76.52863212418  2.1425
76.520635749152  2.145
76.512643781335  2.1475
76.504656212864  2.15
76.496673035897  2.1525
76.488694242614  2.155
76.48071982522  2.1575
76.47274977594  2.16
76.464784087023  2.1625
76.456822750739  2.165
76.448865759383  2.1675
76.440913105269  2.17
76.432964780736  2.1725
76.425020778144  2.175
76.417081089873  2.1775
76.40914570833  2.1799999999999
76.401214625938  2.1825
76.393287835145  2.1850000000001
76.38536532842  2.1875
76.377447098255  2.1900000000001
76.36953313716  2.1925
76.36162343767  2.1950000000001
76.353717992339  2.1975
76.345816793743  2.2
76.337919834479  2.2025
76.330027107166  2.205
76.322138604442  2.2075
76.314254318967  2.21
76.306374243423  2.2125
76.29849837051  2.215
76.290626692951  2.2175
76.282759203489  2.22
76.274895894887  2.2225
76.267036759928  2.225
76.259181791416  2.2275
76.251330982176  2.23
76.243484325051  2.2325
76.235641812905  2.235
76.227803438625  2.2375
76.219969195112  2.24
76.212139075292  2.2424999999999
76.204313072109  2.245
76.196491178525  2.2474999999999
76.188673387525  2.25
76.18085969211  2.2525000000001
76.173050085303  2.255
76.165244560146  2.2575000000001
76.157443109698  2.26
76.149645727041  2.2625
76.141852405273  2.265
76.134063137513  2.2675
76.126277916897  2.27
76.118496736583  2.2725
76.110719589744  2.275
76.102946469576  2.2775
76.09517736929  2.28
76.087412282118  2.2825
76.07965120131  2.285
76.071894120134  2.2875
76.064141031876  2.29
76.056391929841  2.2925
76.048646807354  2.295
76.040905657756  2.2975
76.033168474405  2.3
76.025435250681  2.3025
76.017705979979  2.3049999999999
76.009980655712  2.3075
76.002259271313  2.3100000000001
75.994541820231  2.3125
75.986828295932  2.3149999999999
75.979118691903  2.3175
75.971413001645  2.3200000000001
75.963711218678  2.3225
75.956013336541  2.325
75.948319348787  2.3275
75.940629248989  2.33
75.932943030736  2.3325
75.925260687636  2.335
75.917582213312  2.3375
75.909907601404  2.34
75.902236845572  2.3425
75.89456993949  2.345
75.88690687685  2.3475
75.87924765136  2.35
75.871592256746  2.3525
75.86394068675  2.355
75.856292935131  2.3575
75.848648995664  2.36
75.841008862141  2.3625
75.83337252837  2.365
75.825739988177  2.3674999999999
75.818111235401  2.37
75.810486263901  2.3724999999999
75.802865067549  2.375
75.795247640237  2.3775000000001
75.787633975868  2.38
75.780024068367  2.3825000000001
75.772417911669  2.385
75.764815499729  2.3875
75.757216826516  2.39
75.749621886016  2.3925
75.74203067223  2.395
75.734443179175  2.3975
75.726859400883  2.4
75.719279331403  2.4025
75.711702964797  2.405
75.704130295145  2.4075
75.696561316541  2.41
75.688996023095  2.4125
75.681434408932  2.415
75.673876468193  2.4175
75.666322195032  2.42
75.65877158362  2.4225
75.651224628143  2.425
75.643681322802  2.4275
75.636141661813  2.4299999999999
75.628605639405  2.4325
75.621073249824  2.4350000000001
75.613544487331  2.4375
75.6060193462  2.4400000000001
75.598497820721  2.4425
75.590979905198  2.4450000000001
75.58346559395  2.4475
75.575954881311  2.45
75.568447761629  2.4525
75.560944229265  2.455
75.553444278597  2.4575
75.545947904015  2.46
75.538455099925  2.4625
75.530965860747  2.465
75.523480180913  2.4675
75.515998054873  2.47
75.508519477088  2.4725
75.501044442033  2.475
75.493572944199  2.4775
75.486104978091  2.48
75.478640538224  2.4825
75.471179619132  2.485
75.463722215359  2.4875
75.456268321464  2.49
75.448817932021  2.4924999999999
75.441371041616  2.495
75.433927644848  2.4974999999999
75.426487736332  2.5
75.419051310693  2.5025000000001
75.411618362574  2.505
75.404188886628  2.5075000000001
75.396762877521  2.51
75.389340329935  2.5125
75.381921238563  2.515
75.374505598113  2.5175
75.367093403304  2.52
75.35968464887  2.5225
75.352279329558  2.525
75.344877440126  2.5275
75.337478975347  2.53
75.330083930006  2.5325
75.322692298903  2.535
75.315304076847  2.5375
75.307919258663  2.54
75.300537839187  2.5425
75.293159813269  2.545
75.28578517577  2.5475
75.278413921567  2.55
75.271046045545  2.5525
75.263681542604  2.5549999999999
75.256320407658  2.5575
75.24896263563  2.5599999999999
75.241608221459  2.5625
75.234257160092  2.5649999999999
75.226909446494  2.5675
75.219565075637  2.5700000000001
75.212224042508  2.5725
75.204886342105  2.575
75.197551969441  2.5775
75.190220919536  2.58
75.182893187428  2.5825
75.175568768162  2.585
75.168247656797  2.5875
75.160929848406  2.59
75.15361533807  2.5925
75.146304120884  2.595
75.138996191955  2.5975
75.131691546403  2.6
75.124390179355  2.6025
75.117092085956  2.605
75.109797261358  2.6075
75.102505700727  2.61
75.095217399239  2.6125
75.087932352083  2.615
75.080650554458  2.6174999999999
75.073372001577  2.62
75.066096688663  2.6224999999999
75.058824610948  2.625
75.05155576368  2.6275000000001
75.044290142115  2.63
75.037027741521  2.6325000000001
75.029768557178  2.635
75.022512584377  2.6375
75.01525981842  2.64
75.008010254619  2.6425
75.000763888299  2.645
74.993520714796  2.6475
74.986280729455  2.65
74.979043927634  2.6525
74.9718103047  2.655
74.964579856035  2.6575
74.957352577026  2.66
74.950128463076  2.6625
74.942907509596  2.665
74.935689712008  2.6675
74.928475065747  2.67
74.921263566255  2.6725
74.914055208988  2.675
74.906849989411  2.6775
74.899647902999  2.6799999999999
74.89244894524  2.6825
74.885253111631  2.6850000000001
74.878060397678  2.6875
74.8708707989  2.6900000000001
74.863684310825  2.6925
74.856500928993  2.6950000000001
74.849320648952  2.6975
74.842143466262  2.7
74.834969376493  2.7025
74.827798375225  2.705
74.820630458048  2.7075
74.813465620563  2.71
74.80630385838  2.7125
74.799145167121  2.715
74.791989542416  2.7175
74.784836979906  2.72
74.777687475243  2.7225
74.770541024088  2.725
74.763397622111  2.7275
74.756257264993  2.73
74.749119948426  2.7325
74.74198566811  2.735
74.734854419756  2.7375
74.727726199084  2.74
74.720601001824  2.7424999999999
74.713478823717  2.745
74.706359660511  2.7474999999999
74.699243507967  2.75
74.692130361854  2.7525000000001
74.685020217949  2.755
74.677913072042  2.7575000000001
74.67080891993  2.76
74.66370775742  2.7625
74.656609580329  2.765
74.649514384484  2.7675
74.642422165721  2.77
74.635332919884  2.7725
74.628246642828  2.775
74.621163330418  2.7775
74.614082978525  2.78
74.607005583034  2.7825
74.599931139835  2.785
74.59285964483  2.7875
74.585791093929  2.79
74.578725483051  2.7925
74.571662808125  2.795
74.56460306509  2.7975
74.55754624989  2.8
74.550492358484  2.8025
74.543441386834  2.8049999999999
74.536393330916  2.8075
74.529348186713  2.8100000000001
74.522305950215  2.8125
74.515266617424  2.8149999999999
74.50823018435  2.8175
74.501196647011  2.8200000000001
74.494166001435  2.8225
74.487138243657  2.825
74.480113369723  2.8275
74.473091375687  2.83
74.46607225761  2.8325
74.459056011565  2.835
74.452042633631  2.8375
74.445032119896  2.84
74.438024466459  2.8425
74.431019669424  2.845
74.424017724905  2.8475
74.417018629027  2.85
74.41002237792  2.8525
74.403028967723  2.855
74.396038394587  2.8575
74.389050654666  2.86
74.382065744127  2.8625
74.375083659142  2.865
74.368104395895  2.8674999999999
74.361127950575  2.87
74.354154319381  2.8724999999999
74.34718349852  2.875
74.340215484207  2.8775000000001
74.333250272666  2.88
74.326287860127  2.8825000000001
74.319328242831  2.885
74.312371417026  2.8875
74.305417378968  2.89
74.298466124922  2.8925
74.291517651158  2.895
74.284571953959  2.8975
74.277629029612  2.9
74.270688874413  2.9025
74.263751484668  2.905
74.256816856689  2.9075
74.249884986795  2.91
74.242955871315  2.9125
74.236029506586  2.915
74.229105888951  2.9175
74.222185014762  2.92
74.215266880379  2.9225
74.208351482169  2.925
74.201438816508  2.9275
74.194528879778  2.9299999999999
74.187621668371  2.9325
74.180717178685  2.9349999999999
74.173815407126  2.9375
74.166916350108  2.9399999999999
74.160020004052  2.9425
74.153126365388  2.9450000000001
74.146235430551  2.9475
74.139347195987  2.95
74.132461658147  2.9525
74.12557881349  2.955
74.118698658483  2.9575
74.111821189601  2.96
74.104946403325  2.9625
74.098074296144  2.965
74.091204864556  2.9675
74.084338105063  2.97
74.077474014178  2.9725
74.070612588419  2.975
74.063753824312  2.9775
74.05689771839  2.98
74.050044267195  2.9825
74.043193467274  2.985
74.036345315182  2.9875
74.029499807481  2.99
74.022656940742  2.9924999999999
74.015816711541  2.995
74.008979116461  2.9975000000001
74.002144152094  3

